# Jones matrix for 1396 MHz, dr=0.05 degrees, dtheta=22.5 degrees
# Array shape (radius,theta,pol): (13, 16, 4)
 0.99861 -0.01177  0.00083  0.00017 -0.00101 -0.00015  1.00078 -0.01046
 1.00112  0.00172  0.00068  0.00019 -0.00072 -0.00040  1.00267  0.00116
 1.00410  0.00050  0.00064 -0.00016 -0.00072 -0.00048  1.00545  0.00011
 1.00112 -0.00895  0.00048 -0.00025 -0.00061 -0.00048  1.00112 -0.00982
 1.00159  0.00575  0.00001 -0.00055 -0.00035 -0.00070  1.00383  0.00516
 0.99997 -0.00358 -0.00000 -0.00069  0.00017 -0.00066  1.00024 -0.00406
 1.00064 -0.00489 -0.00004 -0.00039  0.00009 -0.00027  1.00098 -0.00580
 0.99888  0.00012 -0.00026 -0.00023  0.00021 -0.00018  0.99915  0.00010
 0.99915 -0.01977 -0.00008 -0.00055  0.00019 -0.00012  0.99848 -0.02074
 0.99983 -0.01717 -0.00004 -0.00045  0.00020 -0.00042  0.99733 -0.01795
 1.00071  0.00089  0.00022 -0.00031  0.00026 -0.00041  0.99936  0.00017
 0.99800 -0.00194  0.00011 -0.00052  0.00024 -0.00048  0.99638 -0.00271
 0.99529  0.00835  0.00020 -0.00045  0.00022 -0.00049  0.99563  0.00797
 0.99793  0.00105  0.00060  0.00000 -0.00045 -0.00057  0.99733  0.00185
 0.99678  0.01492  0.00065 -0.00001 -0.00020 -0.00034  0.99435  0.01617
 1.00308 -0.02179  0.00044 -0.00004 -0.00050 -0.00055  0.99922 -0.02154
# 
 0.99882 -0.01521  0.00148  0.00094 -0.00156  0.00010  1.00056 -0.01405
 0.99791  0.03928  0.00132  0.00073 -0.00152 -0.00016  1.00000  0.03780
 1.00042 -0.00527  0.00071  0.00022 -0.00132 -0.00047  1.00084 -0.00720
 1.00035 -0.02357  0.00024 -0.00054 -0.00114 -0.00086  0.99986 -0.02523
 0.99986  0.00867 -0.00012 -0.00089 -0.00059 -0.00110  1.00021  0.00850
 1.00125 -0.01513 -0.00067 -0.00089 -0.00016 -0.00066  1.00056 -0.01382
 1.00327 -0.04478 -0.00043 -0.00075  0.00043 -0.00033  1.00313 -0.04374
 0.99777 -0.01657 -0.00029 -0.00071  0.00065 -0.00000  0.99833 -0.01612
 0.99791 -0.03411 -0.00026 -0.00034  0.00114  0.00034  0.99909 -0.03545
 1.00132  0.00967 -0.00008 -0.00034  0.00098  0.00013  0.99993  0.00768
 0.99687 -0.01348 -0.00021 -0.00048  0.00083 -0.00029  0.99554 -0.01668
 0.99638  0.04180 -0.00007 -0.00076  0.00047 -0.00077  0.99666  0.04015
 0.99276  0.02928  0.00019 -0.00070  0.00011 -0.00095  0.99317  0.02879
 0.99032  0.06941  0.00062 -0.00018 -0.00015 -0.00097  0.98955  0.07088
 0.99122  0.04864  0.00063  0.00013 -0.00056 -0.00041  0.99032  0.05090
 1.00000 -0.01142  0.00097  0.00065 -0.00074 -0.00017  0.99784 -0.00994
# 
 0.99718  0.00392  0.00245  0.00183 -0.00205  0.00060  0.99901  0.00570
 0.99850  0.05661  0.00200  0.00137 -0.00195  0.00034  0.99960  0.05394
 0.99996  0.00383  0.00123  0.00048 -0.00179 -0.00044  0.99901  0.00070
 1.00099 -0.02427  0.00022 -0.00083 -0.00149 -0.00142  0.99989 -0.02721
 0.99865  0.03832 -0.00053 -0.00149 -0.00102 -0.00173  0.99821  0.03836
 1.00040 -0.03931 -0.00109 -0.00164 -0.00059 -0.00120  1.00135 -0.03629
 0.99784 -0.06793 -0.00105 -0.00110  0.00066 -0.00043  0.99982 -0.06428
 0.99857 -0.03488 -0.00056 -0.00050  0.00133  0.00071  0.99872 -0.03214
 0.99923 -0.03870 -0.00031 -0.00032  0.00182  0.00080  0.99850 -0.04021
 1.00048 -0.02082 -0.00007 -0.00063  0.00151  0.00056  0.99828 -0.02539
 0.99711 -0.02693 -0.00024 -0.00082  0.00111 -0.00014  0.99542 -0.03261
 0.99447  0.05197 -0.00031 -0.00133  0.00063 -0.00103  0.99308  0.04767
 0.98869  0.04835 -0.00009 -0.00125 -0.00004 -0.00150  0.98862  0.04764
 0.97478  0.11846  0.00050 -0.00056 -0.00029 -0.00126  0.97522  0.12164
 0.99089  0.06059  0.00105  0.00035 -0.00066 -0.00038  0.99154  0.06683
 0.99718  0.02011  0.00147  0.00151 -0.00077  0.00054  0.99542  0.02342
# 
 0.99618  0.03307  0.00330  0.00327 -0.00211  0.00154  0.99862  0.03510
 0.99610  0.07871  0.00288  0.00246 -0.00227  0.00084  0.99547  0.07347
 0.99721  0.03128  0.00135  0.00038 -0.00253 -0.00057  0.99634  0.02394
 0.99823  0.00873  0.00011 -0.00135 -0.00211 -0.00240  0.99602  0.00386
 0.99736  0.05043 -0.00105 -0.00274 -0.00145 -0.00273  0.99823  0.05098
 1.00272 -0.04744 -0.00166 -0.00239 -0.00052 -0.00186  1.00484 -0.04138
 0.99476 -0.10398 -0.00113 -0.00118  0.00070 -0.00028  0.99823 -0.09635
 0.99894 -0.05361 -0.00057 -0.00003  0.00194  0.00138  1.00138 -0.04864
 1.00020 -0.05061 -0.00016  0.00044  0.00269  0.00182  0.99941 -0.05198
 1.00193 -0.08504 -0.00005  0.00001  0.00269  0.00141  0.99461 -0.09182
 0.99744 -0.02360 -0.00028 -0.00100  0.00151 -0.00011  0.99225 -0.03382
 0.99579  0.03630 -0.00046 -0.00197  0.00086 -0.00180  0.99595  0.02888
 0.98744  0.08031 -0.00040 -0.00213  0.00021 -0.00238  0.98784  0.07925
 0.97682  0.10749  0.00053 -0.00096 -0.00022 -0.00186  0.97713  0.11282
 0.98799  0.07992  0.00133  0.00091 -0.00039 -0.00032  0.98973  0.08981
 0.99862  0.03221  0.00238  0.00239 -0.00092  0.00121  0.99854  0.03760
# 
 0.99620  0.06252  0.00449  0.00505 -0.00252  0.00336  0.99576  0.06429
 0.99464  0.10486  0.00351  0.00396 -0.00283  0.00165  0.99395  0.09596
 0.99507  0.06352  0.00206  0.00102 -0.00284 -0.00065  0.99170  0.05218
 0.99576  0.05214 -0.00055 -0.00217 -0.00291 -0.00357  0.99274  0.04403
 0.99931  0.04573 -0.00191 -0.00375 -0.00219 -0.00416  0.99784  0.04616
 0.99741 -0.04699 -0.00241 -0.00342 -0.00068 -0.00281  1.00061 -0.03638
 0.98963 -0.11816 -0.00181 -0.00151  0.00125 -0.00024  0.99767 -0.10494
 0.99473 -0.07555 -0.00037  0.00051  0.00312  0.00217  0.99991 -0.06705
 0.99749 -0.06519  0.00047  0.00132  0.00384  0.00352  0.99810 -0.06703
 1.00078 -0.10134  0.00030  0.00072  0.00343  0.00232  0.99257 -0.11239
 0.99646 -0.01995 -0.00067 -0.00119  0.00229  0.00002  0.98850 -0.03620
 0.99455  0.04466 -0.00101 -0.00294  0.00094 -0.00260  0.99084  0.03239
 0.98418  0.10072 -0.00085 -0.00348  0.00006 -0.00404  0.98366  0.09939
 0.97839  0.09808  0.00023 -0.00174 -0.00050 -0.00303  0.98150  0.10737
 0.98288  0.09367  0.00148  0.00104 -0.00087 -0.00046  0.98574  0.10877
 0.99559  0.04668  0.00282  0.00361 -0.00078  0.00209  0.99767  0.05745
# 
 0.99137  0.08134  0.00624  0.00771 -0.00270  0.00486  0.99381  0.08378
 0.99234  0.11672  0.00468  0.00569 -0.00299  0.00350  0.99059  0.10302
 0.99693  0.09654  0.00249  0.00147 -0.00344 -0.00090  0.99078  0.06818
 0.99342  0.08543 -0.00076 -0.00310 -0.00376 -0.00518  0.98961  0.07287
 0.99878  0.03959 -0.00293 -0.00598 -0.00267 -0.00637  0.99742  0.04083
 0.99537 -0.05241 -0.00359 -0.00513 -0.00147 -0.00417  1.00161 -0.03608
 0.98757 -0.13890 -0.00212 -0.00192  0.00142 -0.00031  0.99810 -0.11883
 0.99712 -0.04386  0.00005  0.00112  0.00423  0.00394  1.00317 -0.03040
 0.99664 -0.05011  0.00138  0.00258  0.00498  0.00533  0.99878 -0.05200
 1.00015 -0.07383  0.00096  0.00159  0.00491  0.00396  0.99147 -0.09066
 0.99605  0.00581 -0.00018 -0.00140  0.00295  0.00041  0.98669 -0.01856
 0.99400  0.04783 -0.00155 -0.00405  0.00137 -0.00371  0.98581  0.02963
 0.97898  0.13077 -0.00103 -0.00510  0.00046 -0.00593  0.97976  0.12805
 0.97187  0.13950  0.00004 -0.00285 -0.00021 -0.00453  0.97521  0.15290
 0.98084  0.10641  0.00172  0.00127 -0.00087 -0.00067  0.98659  0.12934
 0.99507  0.05803  0.00352  0.00596 -0.00053  0.00325  0.99761  0.07447
# 
 0.98780  0.10248  0.00752  0.01128 -0.00241  0.00783  0.98979  0.10540
 0.99209  0.13333  0.00596  0.00809 -0.00316  0.00546  0.98657  0.11314
 0.99737  0.13202  0.00265  0.00162 -0.00396 -0.00124  0.98855  0.09536
 0.98856  0.13870 -0.00139 -0.00490 -0.00408 -0.00756  0.98420  0.11946
 0.99681  0.03612 -0.00469 -0.00846 -0.00417 -0.00960  0.99537  0.03714
 0.99603 -0.01603 -0.00490 -0.00734 -0.00213 -0.00607  1.00437  0.00777
 0.98974 -0.12074 -0.00251 -0.00260  0.00199 -0.00019  1.00403 -0.09049
 0.99741 -0.04603  0.00054  0.00221  0.00555  0.00575  1.00694 -0.02567
 0.99610 -0.05647  0.00263  0.00453  0.00705  0.00867  0.99630 -0.05889
 1.00062 -0.09500  0.00168  0.00250  0.00630  0.00584  0.98558 -0.11823
 0.99816  0.05754 -0.00059 -0.00130  0.00367  0.00042  0.98495  0.02209
 0.99094  0.05162 -0.00209 -0.00579  0.00138 -0.00611  0.98075  0.02556
 0.97520  0.13316 -0.00202 -0.00755  0.00040 -0.00872  0.97562  0.12932
 0.96714  0.17340 -0.00036 -0.00490 -0.00049 -0.00628  0.97301  0.19450
 0.96529  0.16016  0.00199  0.00198 -0.00046 -0.00072  0.97260  0.19333
 0.99370  0.09469  0.00473  0.00854 -0.00089  0.00515  0.99840  0.11921
# 
 0.97683  0.14101  0.00912  0.01658 -0.00207  0.01189  0.97773  0.14497
 0.99450  0.15315  0.00792  0.01159 -0.00352  0.00841  0.98760  0.12379
 0.99677  0.18052  0.00316  0.00248 -0.00450 -0.00148  0.98660  0.13699
 0.98832  0.15945 -0.00265 -0.00682 -0.00514 -0.01064  0.98071  0.12963
 0.99121  0.04701 -0.00689 -0.01268 -0.00587 -0.01332  0.99027  0.04881
 0.99474  0.01566 -0.00613 -0.01077 -0.00324 -0.00869  1.00418  0.05006
 0.99334 -0.13049 -0.00276 -0.00342  0.00246 -0.00032  1.01723 -0.08664
 0.99515 -0.04111  0.00201  0.00408  0.00725  0.00799  1.01092 -0.01075
 0.99321 -0.05469  0.00462  0.00691  0.00967  0.01247  0.99292 -0.05725
 1.00323 -0.09913  0.00371  0.00393  0.00842  0.00887  0.98392 -0.13268
 1.01039  0.01637  0.00038 -0.00150  0.00386 -0.00016  0.98696 -0.03326
 0.99517  0.06961 -0.00345 -0.00798  0.00139 -0.00912  0.97944  0.03231
 0.96140  0.17367 -0.00269 -0.01158  0.00072 -0.01268  0.96072  0.16982
 0.94664  0.24070 -0.00053 -0.00769  0.00005 -0.00873  0.95462  0.27185
 0.93732  0.22171  0.00225  0.00225 -0.00056 -0.00059  0.94583  0.26970
 0.98580  0.11306  0.00625  0.01206 -0.00002  0.00739  0.99699  0.14804
# 
 0.96502  0.17011  0.01225  0.02359 -0.00162  0.01797  0.96699  0.17523
 0.99413  0.18120  0.01076  0.01673 -0.00311  0.01329  0.98426  0.13622
 0.99767  0.22467  0.00354  0.00339 -0.00508 -0.00191  0.98533  0.15979
 0.98404  0.21700 -0.00448 -0.00981 -0.00581 -0.01587  0.97515  0.17097
 0.98233  0.07568 -0.01021 -0.01786 -0.00807 -0.01965  0.98105  0.07828
 0.98787  0.03457 -0.00886 -0.01565 -0.00437 -0.01234  1.00435  0.08566
 1.00024 -0.10714 -0.00316 -0.00504  0.00273 -0.00069  1.03341 -0.04186
 0.99496 -0.05814  0.00400  0.00652  0.01023  0.01163  1.01910 -0.01223
 0.98892 -0.05956  0.00884  0.01087  0.01417  0.01869  0.98814 -0.06329
 1.01155 -0.07209  0.00671  0.00556  0.01114  0.01341  0.98329 -0.12051
 1.02264  0.08849 -0.00013 -0.00165  0.00522  0.00129  0.99058  0.01513
 1.00050  0.09306 -0.00466 -0.01109  0.00153 -0.01379  0.97813  0.03997
 0.94312  0.22562 -0.00369 -0.01699  0.00129 -0.01832  0.94324  0.21984
 0.93342  0.27762 -0.00040 -0.01184  0.00049 -0.01236  0.94338  0.32430
 0.92284  0.26378  0.00215  0.00287  0.00007 -0.00058  0.93302  0.33419
 0.98186  0.14075  0.00786  0.01846  0.00107  0.01131  0.99408  0.19325
# 
 0.94485  0.23377  0.01512  0.03674 -0.00078  0.02846  0.94773  0.24248
 0.98791  0.23755  0.01482  0.02423 -0.00301  0.02130  0.97375  0.17031
 1.01017  0.28266  0.00380  0.00496 -0.00566 -0.00196  0.99155  0.18260
 0.97526  0.27399 -0.00703 -0.01505 -0.00739 -0.02449  0.96197  0.20354
 0.96569  0.13208 -0.01534 -0.02727 -0.01128 -0.02988  0.96455  0.13516
 0.98918  0.05370 -0.01295 -0.02426 -0.00756 -0.01806  1.01163  0.12981
 1.01070 -0.09105 -0.00443 -0.00660  0.00335 -0.00048  1.05961  0.00971
 0.99608 -0.05237  0.00865  0.01168  0.01416  0.01690  1.03224  0.01717
 0.98059 -0.06137  0.01605  0.01621  0.02082  0.02748  0.98138 -0.06398
 1.02948 -0.05132  0.01074  0.00789  0.01649  0.02047  0.97968 -0.12217
 1.04281  0.16694  0.00160 -0.00223  0.00705  0.00134  0.99560  0.05716
 0.99601  0.18718 -0.00521 -0.01591  0.00201 -0.02096  0.96715  0.10665
 0.90541  0.31284 -0.00525 -0.02695  0.00228 -0.02807  0.90941  0.30559
 0.90609  0.33680  0.00017 -0.01948  0.00185 -0.01826  0.91852  0.40839
 0.94789  0.25019  0.00265  0.00384 -0.00004 -0.00085  0.96978  0.35732
 0.92363  0.27380  0.00619  0.02702  0.00050  0.01740  0.93293  0.35355
# 
 0.88691  0.30776  0.02144  0.05773  0.00211  0.04713  0.88884  0.31857
 0.97789  0.32620  0.02071  0.03809 -0.00179  0.03558  0.95361  0.21600
 1.03740  0.36060  0.00464  0.00678 -0.00738 -0.00135  1.00489  0.19815
 0.96122  0.36490 -0.01259 -0.02371 -0.00870 -0.04055  0.94369  0.24822
 0.93130  0.18768 -0.02542 -0.04396 -0.01809 -0.04903  0.92902  0.19161
 0.97844  0.10506 -0.01913 -0.03869 -0.01117 -0.02831  1.01023  0.22889
 1.03378 -0.06863 -0.00512 -0.00987  0.00424 -0.00017  1.11592  0.09573
 0.99153 -0.02274  0.01716  0.01981  0.02340  0.02781  1.05245  0.08883
 0.96174 -0.03398  0.03063  0.02448  0.03510  0.04352  0.96157 -0.03821
 1.05772  0.04004  0.02018  0.01180  0.02459  0.03448  0.97744 -0.07053
 1.07005  0.30601  0.00345 -0.00317  0.00995  0.00192  0.99731  0.13034
 1.00127  0.29218 -0.00843 -0.02451  0.00309 -0.03465  0.95158  0.16432
 0.83690  0.42210 -0.00728 -0.04375  0.00523 -0.04594  0.84079  0.41287
 0.86762  0.40375  0.00019 -0.03292  0.00423 -0.02812  0.88949  0.52170
 0.93605  0.31768  0.00243  0.00508  0.00267 -0.00033  0.96718  0.49504
 0.91490  0.29554  0.01043  0.04467  0.00406  0.02792  0.93464  0.42455
# 
 0.74425  0.42136  0.03639  0.11031  0.01143  0.09302  0.74461  0.44240
 0.92070  0.52933  0.03336  0.06643 -0.00003  0.06990  0.88107  0.32423
 1.06204  0.58389  0.00557  0.01024 -0.00920 -0.00362  1.00484  0.27724
 0.93863  0.52028 -0.02793 -0.04223 -0.01781 -0.07264  0.90014  0.30303
 0.81143  0.33738 -0.04588 -0.08450 -0.03169 -0.09338  0.80307  0.34226
 0.93081  0.18647 -0.03408 -0.07228 -0.02301 -0.04894  0.99137  0.41833
 1.05530  0.01777 -0.00491 -0.01483  0.00551  0.00145  1.20168  0.32209
 0.95799  0.10964  0.03505  0.04147  0.03924  0.04958  1.07178  0.31687
 0.90002  0.14864  0.06466  0.04532  0.06344  0.08132  0.90236  0.14163
 1.10179  0.27053  0.03917  0.02187  0.04365  0.06838  0.95883  0.06870
 1.14611  0.57367  0.00751 -0.00690  0.01628  0.00501  1.00959  0.25175
 0.96936  0.56666 -0.01524 -0.04144  0.00694 -0.06444  0.88107  0.33380
 0.66420  0.61110 -0.01206 -0.08379  0.00996 -0.08563  0.67262  0.59257
 0.75315  0.52834 -0.00135 -0.06371  0.00592 -0.05003  0.78893  0.74870
 0.89857  0.43093  0.00352  0.00785  0.00603  0.00041  0.94620  0.75183
 0.76915  0.44845  0.00584  0.08010  0.00632  0.05109  0.78081  0.68284
# 
 0.03868  0.65621  0.07340  0.22987  0.03856  0.20233  0.03507  0.69689
 0.42740  0.94811  0.06381  0.13133  0.00739  0.15495  0.35632  0.52028
 0.72928  1.12151  0.00949  0.02398 -0.00731 -0.00253  0.66473  0.47506
 0.46221  0.91297 -0.06006 -0.08284 -0.02104 -0.15795  0.40373  0.45756
 0.19198  0.58858 -0.10554 -0.17625 -0.07204 -0.19793  0.17999  0.59868
 0.49148  0.38448 -0.07060 -0.15049 -0.05545 -0.09790  0.61362  0.85754
 0.82580  0.25817 -0.00551 -0.02947  0.01269  0.00342  1.12019  0.90437
 0.52761  0.49572  0.08049  0.09352  0.07151  0.10165  0.75447  0.93109
 0.41899  0.80135  0.14550  0.09925  0.12297  0.17834  0.41645  0.78636
 0.91652  0.93081  0.09077  0.03868  0.08738  0.14642  0.60841  0.52723
 1.00895  1.24291  0.02320 -0.00330  0.02376  0.01275  0.72501  0.57303
 0.56404  1.17709 -0.02535 -0.07992  0.01084 -0.14033  0.39170  0.68980
-0.09600  0.92338 -0.02423 -0.18251  0.02532 -0.18760 -0.08092  0.89310
 0.15055  0.71825  0.00953 -0.13803  0.01917 -0.09855  0.20016  1.18719
 0.54588  0.60240  0.00324  0.01091  0.01573  0.00275  0.63621  1.28403
 0.27822  0.55570  0.01491  0.17055  0.02684  0.10984  0.31729  1.04411
# 
