# Jones matrix for 1524 MHz, dr=0.05 degrees, dtheta=22.5 degrees
# Array shape (radius,theta,pol): (13, 16, 4)
 0.99790 -0.01244  0.00138  0.00078 -0.00021  0.00003  0.99983 -0.01098
 0.99955  0.00286  0.00165  0.00084  0.00000  0.00006  1.00107  0.00288
 1.00190 -0.00001  0.00128  0.00065 -0.00001 -0.00008  1.00362  0.00002
 0.99962 -0.00876  0.00123  0.00022  0.00000 -0.00010  1.00003 -0.00923
 1.00031  0.00696  0.00087  0.00002  0.00006 -0.00023  1.00238  0.00644
 0.99824 -0.00244  0.00092 -0.00003  0.00023 -0.00057  0.99872 -0.00295
 0.99948 -0.00394  0.00096 -0.00013  0.00036 -0.00007  0.99969 -0.00435
 0.99852 -0.00063  0.00107  0.00032  0.00050  0.00015  0.99941 -0.00032
 0.99824 -0.01704  0.00081  0.00038  0.00071  0.00006  0.99817 -0.01730
 1.00003 -0.01707  0.00114  0.00064  0.00030 -0.00008  0.99948 -0.01762
 1.00135 -0.00086  0.00090  0.00045 -0.00006  0.00002  1.00183 -0.00146
 1.00017 -0.00357  0.00063  0.00032  0.00009  0.00001  0.99955 -0.00389
 0.99665  0.00910  0.00075  0.00049  0.00002 -0.00015  0.99831  0.00888
 0.99845  0.00024  0.00067  0.00056 -0.00013 -0.00040  0.99824  0.00159
 0.99721  0.01429  0.00056  0.00026 -0.00010 -0.00055  0.99527  0.01531
 1.00148 -0.01959  0.00083  0.00048  0.00011 -0.00025  0.99907 -0.01881
# 
 0.99886 -0.01504  0.00273  0.00195 -0.00024  0.00044  1.00014 -0.01371
 0.99722  0.04304  0.00210  0.00158 -0.00019  0.00052  0.99936  0.04223
 0.99929 -0.00604  0.00171  0.00074 -0.00034  0.00005  1.00029 -0.00739
 0.99986 -0.02091  0.00100  0.00032 -0.00025 -0.00018  0.99993 -0.02206
 0.99907  0.01089  0.00063 -0.00028 -0.00031 -0.00061  0.99943  0.01065
 1.00064 -0.01180  0.00076 -0.00028  0.00007 -0.00044  0.99979 -0.01077
 1.00264 -0.04116  0.00080 -0.00044  0.00110  0.00010  1.00228 -0.04029
 0.99772 -0.02090  0.00121  0.00027  0.00138  0.00025  0.99857 -0.02057
 0.99829 -0.02984  0.00105  0.00021  0.00163  0.00050  1.00036 -0.03030
 1.00193  0.00811  0.00125  0.00067  0.00100  0.00058  1.00278  0.00694
 0.99807 -0.01402  0.00101  0.00029  0.00028  0.00013  0.99907 -0.01652
 0.99850  0.04285  0.00029  0.00005 -0.00012 -0.00041  0.99993  0.04200
 0.99444  0.03488  0.00028 -0.00006 -0.00057 -0.00034  0.99601  0.03556
 0.99166  0.07172  0.00083  0.00027 -0.00059 -0.00054  0.99059  0.07353
 0.99330  0.05102  0.00087  0.00076 -0.00056 -0.00023  0.99237  0.05360
 1.00000 -0.00655  0.00158  0.00132 -0.00031  0.00028  0.99815 -0.00479
# 
 0.99781  0.00617  0.00381  0.00269  0.00012  0.00121  0.99894  0.00788
 0.99706  0.06251  0.00311  0.00231 -0.00028  0.00107  0.99894  0.06022
 0.99796  0.00400  0.00224  0.00086 -0.00079 -0.00012  0.99864  0.00094
 0.99940 -0.02243  0.00093 -0.00011 -0.00133 -0.00102  0.99932 -0.02464
 0.99819  0.03930  0.00048 -0.00094 -0.00068 -0.00153  0.99744  0.04019
 1.00030 -0.03524  0.00001 -0.00104  0.00011 -0.00084  1.00038 -0.03290
 0.99706 -0.06506  0.00110 -0.00019  0.00184 -0.00011  0.99736 -0.06173
 0.99842 -0.04045  0.00132  0.00048  0.00255  0.00066  0.99819 -0.03834
 0.99842 -0.03436  0.00198  0.00082  0.00272  0.00147  0.99932 -0.03531
 1.00121 -0.01924  0.00154  0.00100  0.00193  0.00077  1.00279 -0.02279
 0.99729 -0.02834  0.00061  0.00046  0.00058  0.00018  0.99894 -0.03304
 0.99555  0.05486  0.00006 -0.00042 -0.00035 -0.00088  0.99698  0.05160
 0.99027  0.05947 -0.00029 -0.00078 -0.00134 -0.00105  0.99163  0.05964
 0.97753  0.12459 -0.00021  0.00010 -0.00152 -0.00090  0.97707  0.12742
 0.99276  0.06767  0.00076  0.00102 -0.00091 -0.00007  0.99163  0.07386
 0.99864  0.02852  0.00226  0.00231 -0.00003  0.00141  0.99570  0.03337
# 
 0.99660  0.03839  0.00489  0.00453  0.00051  0.00259  0.99791  0.04072
 0.99325  0.08862  0.00445  0.00415 -0.00013  0.00224  0.99431  0.08486
 0.99480  0.03203  0.00294  0.00151 -0.00076  0.00008  0.99668  0.02629
 0.99578  0.01441  0.00062 -0.00078 -0.00207 -0.00204  0.99554  0.01031
 0.99685  0.05419 -0.00066 -0.00246 -0.00154 -0.00307  0.99709  0.05480
 1.00282 -0.04143 -0.00054 -0.00211 -0.00044 -0.00198  1.00282 -0.03622
 0.99464 -0.09951  0.00086 -0.00056  0.00209 -0.00032  0.99496 -0.09276
 0.99930 -0.05605  0.00218  0.00109  0.00414  0.00141  1.00061 -0.05178
 0.99971 -0.04591  0.00293  0.00149  0.00469  0.00221  1.00078 -0.04727
 1.00323 -0.07752  0.00236  0.00157  0.00364  0.00133  1.00168 -0.08369
 0.99701 -0.02415  0.00025  0.00034  0.00113  0.00051  0.99767 -0.03269
 0.99668  0.04304 -0.00044 -0.00099 -0.00104 -0.00107  1.00086  0.03706
 0.98751  0.09519 -0.00135 -0.00143 -0.00198 -0.00209  0.98866  0.09492
 0.97965  0.11959 -0.00108 -0.00071 -0.00185 -0.00173  0.97752  0.12509
 0.99022  0.09151  0.00075  0.00123 -0.00047 -0.00007  0.98809  0.10068
 1.00012  0.04503  0.00290  0.00292  0.00062  0.00223  0.99799  0.05090
# 
 0.99604  0.07280  0.00695  0.00715  0.00189  0.00428  0.99431  0.07462
 0.98975  0.11841  0.00587  0.00618  0.00056  0.00338  0.99166  0.11176
 0.99130  0.06638  0.00356  0.00158 -0.00137  0.00000  0.99303  0.05762
 0.99230  0.05911 -0.00029 -0.00190 -0.00335 -0.00308  0.99248  0.05191
 0.99722  0.05158 -0.00187 -0.00385 -0.00308 -0.00444  0.99476  0.05138
 0.99786 -0.04068 -0.00171 -0.00363 -0.00134 -0.00264  0.99686 -0.03132
 0.99176 -0.11228  0.00086 -0.00096  0.00262 -0.00015  0.99394 -0.10081
 0.99531 -0.07523  0.00378  0.00143  0.00628  0.00221  0.99768 -0.06671
 0.99668 -0.05889  0.00451  0.00278  0.00732  0.00365  0.99904 -0.06037
 1.00123 -0.09002  0.00404  0.00190  0.00519  0.00220  1.00123 -0.10010
 0.99595 -0.01755  0.00081  0.00036  0.00150  0.00007  0.99640 -0.03155
 0.99367  0.05512 -0.00241 -0.00222 -0.00174 -0.00232  0.99540  0.04452
 0.98574  0.11328 -0.00234 -0.00297 -0.00381 -0.00362  0.98556  0.11260
 0.98192  0.11651 -0.00199 -0.00189 -0.00337 -0.00298  0.98073  0.12517
 0.98574  0.11185  0.00146  0.00137 -0.00095 -0.00050  0.98256  0.12539
 0.99759  0.06775  0.00352  0.00561  0.00156  0.00319  0.99513  0.07734
# 
 0.98881  0.09753  0.00935  0.01039  0.00343  0.00698  0.99028  0.10028
 0.98530  0.13488  0.00774  0.00898  0.00211  0.00524  0.98871  0.12399
 0.99087  0.10420  0.00373  0.00283 -0.00139  0.00008  0.99246  0.07995
 0.98728  0.09632 -0.00144 -0.00300 -0.00513 -0.00501  0.98880  0.08494
 0.99589  0.04797 -0.00362 -0.00618 -0.00568 -0.00667  0.99325  0.04838
 0.99669 -0.04317 -0.00339 -0.00510 -0.00270 -0.00376  0.99673 -0.02909
 0.99129 -0.13023  0.00090 -0.00113  0.00310  0.00011  0.99274 -0.11244
 0.99951 -0.04265  0.00534  0.00289  0.00845  0.00362  1.00072 -0.02986
 0.99577 -0.04154  0.00776  0.00450  0.01021  0.00597  0.99961 -0.04293
 1.00189 -0.06406  0.00588  0.00339  0.00750  0.00425  1.00290 -0.07982
 0.99640  0.01273  0.00126  0.00052  0.00202  0.00066  0.99906 -0.00904
 0.99395  0.06137 -0.00396 -0.00280 -0.00358 -0.00309  0.99360  0.04664
 0.97975  0.14987 -0.00448 -0.00526 -0.00540 -0.00570  0.98154  0.14847
 0.97719  0.16403 -0.00296 -0.00321 -0.00468 -0.00392  0.97328  0.17671
 0.98586  0.13065  0.00085  0.00188 -0.00126 -0.00040  0.98210  0.15163
 0.99673  0.08245  0.00534  0.00720  0.00318  0.00431  0.99325  0.09708
# 
 0.98187  0.12368  0.01272  0.01568  0.00620  0.01077  0.98214  0.12751
 0.98131  0.15699  0.01047  0.01235  0.00365  0.00829  0.98454  0.14031
 0.98611  0.14521  0.00435  0.00422 -0.00214  0.00018  0.98903  0.11295
 0.97976  0.15195 -0.00316 -0.00478 -0.00660 -0.00819  0.98294  0.13423
 0.99130  0.04926 -0.00683 -0.00999 -0.00947 -0.00978  0.98822  0.04953
 0.99605  0.00019 -0.00525 -0.00767 -0.00529 -0.00631  0.99462  0.02047
 0.99508 -0.11002  0.00102 -0.00142  0.00363 -0.00020  0.99558 -0.08170
 0.99921 -0.03907  0.00823  0.00505  0.01135  0.00579  1.00140 -0.01891
 0.99395 -0.04149  0.01131  0.00709  0.01429  0.00898  0.99768 -0.04252
 1.00177 -0.07794  0.00920  0.00386  0.01077  0.00599  1.00052 -0.10046
 0.99612  0.06967  0.00158  0.00055  0.00269  0.00117  0.99945  0.03751
 0.98880  0.07224 -0.00501 -0.00458 -0.00526 -0.00472  0.99040  0.04901
 0.97732  0.16185 -0.00680 -0.00780 -0.00835 -0.00837  0.97822  0.15999
 0.97139  0.20450 -0.00507 -0.00580 -0.00665 -0.00634  0.96711  0.22437
 0.97103  0.19244  0.00011  0.00244 -0.00097 -0.00064  0.96390  0.22197
 0.99513  0.12690  0.00810  0.00959  0.00439  0.00662  0.99013  0.14969
# 
 0.96296  0.17209  0.01591  0.02202  0.01008  0.01633  0.96265  0.17656
 0.97537  0.18523  0.01440  0.01748  0.00652  0.01281  0.98011  0.16063
 0.97801  0.20589  0.00529  0.00518 -0.00202  0.00060  0.98554  0.16842
 0.97234  0.17886 -0.00498 -0.00798 -0.01033 -0.01211  0.97571  0.15285
 0.97918  0.06522 -0.01181 -0.01483 -0.01429 -0.01516  0.97630  0.06620
 0.99076  0.03922 -0.00862 -0.01197 -0.00818 -0.00886  0.98572  0.06956
 0.99861 -0.11272  0.00107 -0.00185  0.00482  0.00048  1.00224 -0.07074
 0.99582 -0.02159  0.01245  0.00818  0.01681  0.00936  0.99835  0.00730
 0.98748 -0.02840  0.01721  0.01056  0.02076  0.01324  0.99039 -0.03044
 1.00228 -0.07150  0.01361  0.00688  0.01571  0.00882  1.00074 -0.10481
 1.00025  0.05115  0.00097 -0.00009  0.00291  0.00141  1.00188  0.00499
 0.98873  0.10289 -0.00803 -0.00654 -0.00803 -0.00724  0.98931  0.06844
 0.95823  0.21605 -0.01108 -0.01290 -0.01174 -0.01289  0.95715  0.21264
 0.94776  0.28237 -0.00710 -0.00948 -0.00844 -0.01011  0.93943  0.31033
 0.94106  0.26455  0.00093  0.00246 -0.00143 -0.00059  0.92899  0.30611
 0.98409  0.15477  0.01020  0.01614  0.00780  0.01044  0.98002  0.18856
# 
 0.94225  0.21626  0.02225  0.03369  0.01630  0.02606  0.94210  0.22285
 0.96571  0.22461  0.01853  0.02483  0.01057  0.02032  0.97369  0.18824
 0.96910  0.26603  0.00504  0.00717 -0.00249  0.00086  0.98359  0.20978
 0.95897  0.24669 -0.00964 -0.01174 -0.01409 -0.01844  0.96601  0.20531
 0.96272  0.10964 -0.01821 -0.02317 -0.02247 -0.02291  0.95856  0.11124
 0.98511  0.06995 -0.01287 -0.01829 -0.01343 -0.01328  0.97855  0.11452
 1.01199 -0.07984  0.00174 -0.00316  0.00572  0.00011  1.01564 -0.01400
 0.99750 -0.02145  0.02033  0.01287  0.02369  0.01312  1.00156  0.02407
 0.98021 -0.01685  0.02732  0.01545  0.03194  0.01950  0.98369 -0.01826
 1.00548 -0.02703  0.01972  0.00920  0.02142  0.01376  1.00364 -0.07660
 1.00943  0.13629  0.00175  0.00002  0.00377  0.00187  1.01079  0.06693
 0.98879  0.14593 -0.01345 -0.00990 -0.01331 -0.01222  0.99041  0.09524
 0.93217  0.28513 -0.01615 -0.01921 -0.01799 -0.01933  0.93089  0.28184
 0.93077  0.33807 -0.00966 -0.01596 -0.01334 -0.01522  0.91759  0.38083
 0.92620  0.32399 -0.00024  0.00293 -0.00083 -0.00062  0.90609  0.38548
 0.97952  0.19989  0.01236  0.02251  0.01229  0.01597  0.96955  0.24765
# 
 0.89732  0.30837  0.03077  0.05488  0.02628  0.04167  0.89712  0.31694
 0.93965  0.30758  0.02645  0.03866  0.01771  0.03347  0.95227  0.24846
 0.96485  0.35245  0.00553  0.00909 -0.00399  0.00070  0.98586  0.26160
 0.92902  0.32975 -0.01560 -0.02093 -0.02199 -0.03081  0.94160  0.26321
 0.92669  0.18855 -0.03032 -0.03843 -0.03485 -0.03797  0.92127  0.18950
 0.98146  0.11447 -0.02049 -0.02995 -0.02129 -0.02034  0.96884  0.18646
 1.03165 -0.03978  0.00308 -0.00315  0.00616  0.00208  1.03745  0.06569
 0.99719  0.01521  0.03220  0.01946  0.03613  0.01938  1.00354  0.08793
 0.96514  0.01591  0.04544  0.02364  0.04752  0.02965  0.97193  0.01532
 1.01787  0.03133  0.03300  0.01354  0.03366  0.02302  1.00721 -0.04566
 1.02318  0.25168  0.00337 -0.00040  0.00516  0.00504  1.02556  0.14165
 0.97365  0.27552 -0.02045 -0.01679 -0.02121 -0.02223  0.98029  0.19740
 0.86880  0.40177 -0.02563 -0.03441 -0.02747 -0.03465  0.87069  0.39921
 0.89726  0.42467 -0.01518 -0.02731 -0.01934 -0.02237  0.87288  0.49325
 0.94985  0.34458 -0.00093  0.00383  0.00023 -0.00116  0.92369  0.44381
 0.90699  0.35446  0.01484  0.03755  0.01895  0.02523  0.88095  0.42604
# 
 0.76478  0.43018  0.04716  0.09619  0.04936  0.07740  0.76226  0.44308
 0.86986  0.45725  0.04371  0.06330  0.03199  0.05963  0.89090  0.35004
 0.94820  0.49894  0.00692  0.01573 -0.00248  0.00372  0.98484  0.33569
 0.85682  0.47085 -0.03226 -0.03747 -0.03580 -0.05546  0.88547  0.35661
 0.83093  0.30042 -0.05462 -0.06893 -0.06153 -0.06782  0.82099  0.29960
 0.94358  0.22251 -0.03517 -0.05415 -0.03980 -0.03530  0.91741  0.34437
 1.06232  0.04020  0.00717 -0.00582  0.01164  0.00390  1.07250  0.22436
 0.97894  0.11327  0.05659  0.03704  0.06278  0.03172  0.99274  0.24200
 0.91650  0.13129  0.08450  0.03824  0.08365  0.05048  0.92697  0.12920
 1.02896  0.21026  0.05798  0.01825  0.05878  0.03877  1.00645  0.07564
 1.03034  0.46788  0.00743  0.00115  0.00540  0.00462  1.03810  0.27890
 0.93768  0.46793 -0.03556 -0.02646 -0.03699 -0.03724  0.94158  0.33136
 0.73404  0.57175 -0.04081 -0.06044 -0.04429 -0.06098  0.73523  0.56352
 0.81851  0.55667 -0.02378 -0.04968 -0.03120 -0.04018  0.78111  0.67436
 0.92221  0.47629 -0.00036  0.00457  0.00163  0.00016  0.87096  0.64885
 0.86211  0.43057  0.02425  0.06698  0.03761  0.04562  0.82175  0.55805
# 
 0.29849  0.64794  0.08816  0.19094  0.10790  0.15921  0.29668  0.66929
 0.53188  0.78961  0.07776  0.12749  0.06909  0.12555  0.58862  0.57218
 0.75891  0.86980  0.01028  0.02523 -0.00335  0.00889  0.83942  0.53692
 0.58413  0.76887 -0.06907 -0.07188 -0.07180 -0.11023  0.63730  0.52717
 0.40914  0.56851 -0.11433 -0.14691 -0.12244 -0.14324  0.39099  0.56710
 0.70208  0.44295 -0.07175 -0.10979 -0.08614 -0.07052  0.65178  0.69515
 0.99016  0.28787  0.01617 -0.00913  0.01854  0.00711  1.00279  0.66791
 0.78073  0.44462  0.11539  0.08071  0.11927  0.06925  0.80283  0.70943
 0.64987  0.58131  0.17685  0.07594  0.17080  0.10058  0.66157  0.58408
 0.91072  0.69886  0.11609  0.03500  0.11524  0.08112  0.86363  0.43250
 0.94810  0.96528  0.01690  0.00458  0.01159  0.01396  0.95999  0.57636
 0.67283  0.94652 -0.07126 -0.04907 -0.06756 -0.08444  0.68159  0.67422
 0.24911  0.88569 -0.08075 -0.13047 -0.08827 -0.12995  0.24449  0.86550
 0.48567  0.78452 -0.04449 -0.10438 -0.06418 -0.07313  0.39579  1.02562
 0.74064  0.70195 -0.00096  0.00842  0.00683 -0.00094  0.62198  1.04401
 0.48966  0.65690  0.02710  0.13598  0.06716  0.08817  0.39323  0.89095
# 
-0.86885  0.56370  0.09659  0.23346  0.13781  0.19896 -0.87539  0.59111
-0.54601  0.78314  0.08198  0.14018  0.08176  0.15900 -0.46906  0.52096
-0.24640  0.89798  0.00659  0.02538  0.00161  0.01148 -0.11137  0.50404
-0.48491  0.75636 -0.08933 -0.08786 -0.07751 -0.13946 -0.40936  0.46134
-0.72128  0.59109 -0.13516 -0.18522 -0.14749 -0.17788 -0.74459  0.59047
-0.30629  0.52373 -0.08213 -0.13366 -0.10228 -0.07835 -0.36499  0.83329
 0.11246  0.53245  0.02049 -0.00745  0.01644  0.00790  0.12185  0.99102
-0.23843  0.75151  0.14211  0.10409  0.13161  0.08485 -0.21688  1.07470
-0.43017  1.07149  0.21727  0.09673  0.20354  0.13611 -0.41160  1.07203
-0.01322  1.14633  0.14462  0.02914  0.12998  0.10672 -0.08547  0.83214
 0.05772  1.17234  0.02516  0.00847  0.01298  0.01060  0.06340  0.70454
-0.35814  1.10004 -0.07819 -0.06011 -0.07759 -0.10774 -0.33192  0.76450
-0.89449  0.71647 -0.08880 -0.16317 -0.09835 -0.16294 -0.89703  0.69998
-0.54513  0.57658 -0.04209 -0.14028 -0.06723 -0.08801 -0.67054  0.85919
-0.15885  0.56426 -0.00640  0.00642  0.01671  0.00286 -0.29929  0.99002
-0.48465  0.47263  0.03816  0.15783  0.08741  0.10348 -0.59264  0.76455
# 
