# Jones matrix for 2292 MHz, dr=0.05 degrees, dtheta=22.5 degrees
# Array shape (radius,theta,pol): (13, 16, 4)
 1.00100 -0.01159  0.00154 -0.00432 -0.00100  0.00300  1.00307 -0.01973
 1.00541  0.00904  0.00221 -0.00588 -0.00000  0.00162  1.00836  0.00191
 1.00593 -0.00112  0.00207 -0.00595  0.00096  0.00010  1.01017 -0.00618
 1.00636 -0.01122  0.00238 -0.00533  0.00152 -0.00136  1.00818 -0.01349
 1.00628  0.00550  0.00229 -0.00393  0.00232 -0.00289  1.00862  0.00677
 1.00559 -0.00529  0.00206 -0.00251  0.00251 -0.00371  1.00437 -0.00041
 1.00325 -0.00800  0.00151  0.00017  0.00297 -0.00421  1.00022 -0.00066
 1.00091 -0.00917  0.00129  0.00216  0.00264 -0.00425  0.99900 -0.00040
 0.99797 -0.01389  0.00057  0.00421  0.00226 -0.00332  0.99589 -0.00538
 0.99502 -0.01810  0.00039  0.00551  0.00135 -0.00203  0.99260 -0.01150
 0.99476 -0.00417 -0.00022  0.00607  0.00068 -0.00028  0.99329 -0.00024
 0.99277 -0.00619 -0.00032  0.00604 -0.00035  0.00133  0.99078 -0.00512
 0.99104  0.01204 -0.00041  0.00441 -0.00086  0.00295  0.99026  0.01075
 0.99493  0.00528 -0.00011  0.00239 -0.00113  0.00376  0.99260  0.00159
 0.99528  0.00625  0.00036 -0.00029 -0.00085  0.00430  0.99086  0.00115
 1.00247 -0.01198  0.00090 -0.00291 -0.00087  0.00324  0.99892 -0.01963
# 
 1.00200  0.01283  0.00296 -0.00953 -0.00169  0.00630  1.00592 -0.00363
 0.99977  0.08389  0.00472 -0.01148 -0.00062  0.00344  1.00974  0.06830
 1.00545  0.01337  0.00393 -0.01244  0.00094  0.00019  1.01579  0.00006
 1.01020  0.00043  0.00327 -0.01123  0.00230 -0.00273  1.01719 -0.00546
 1.00871  0.02644  0.00348 -0.00818  0.00382 -0.00534  1.01011  0.02975
 1.01104  0.00115  0.00258 -0.00434  0.00449 -0.00803  1.00480  0.01425
 1.00974 -0.03017  0.00223 -0.00013  0.00468 -0.00904  1.00154 -0.01213
 1.00144 -0.02902  0.00174  0.00440  0.00481 -0.00862  0.99548 -0.00972
 0.99576 -0.01034  0.00070  0.00846  0.00411 -0.00697  0.99399  0.00644
 0.99064  0.01974 -0.00039  0.01123  0.00218 -0.00406  0.99157  0.03113
 0.98356  0.00787 -0.00104  0.01257  0.00012 -0.00045  0.98700  0.01330
 0.97983  0.07514 -0.00249  0.01173 -0.00188  0.00319  0.98244  0.07632
 0.98020  0.07229 -0.00286  0.00914 -0.00368  0.00628  0.97843  0.06973
 0.98169  0.10800 -0.00172  0.00483 -0.00442  0.00764  0.97517  0.10188
 0.99064  0.07760 -0.00056 -0.00023 -0.00373  0.00849  0.98393  0.06770
 1.00144  0.03896  0.00087 -0.00585 -0.00218  0.00734  0.99688  0.02666
# 
 1.00320  0.08383  0.00477 -0.01547 -0.00268  0.00889  1.00892  0.05811
 0.99420  0.15426  0.00705 -0.01854 -0.00154  0.00513  1.01522  0.12783
 1.00574  0.05966  0.00601 -0.01951  0.00089  0.00024  1.02807  0.03556
 1.01132  0.03545  0.00483 -0.01731  0.00270 -0.00458  1.02667  0.02312
 1.01291  0.08356  0.00513 -0.01279  0.00544 -0.00816  1.01453  0.08824
 1.01969  0.01231  0.00360 -0.00756  0.00678 -0.01243  1.00866  0.03305
 1.01574 -0.03438  0.00262 -0.00059  0.00660 -0.01453  0.99969 -0.00214
 1.00719 -0.02294  0.00255  0.00682  0.00704 -0.01402  0.99330  0.01068
 0.99398  0.01391  0.00089  0.01318  0.00620 -0.01166  0.98952  0.04000
 0.98220  0.04057 -0.00063  0.01757  0.00346 -0.00674  0.98915  0.05474
 0.97303  0.03883 -0.00233  0.02007 -0.00041 -0.00075  0.98462  0.04317
 0.96345  0.14584 -0.00574  0.01884 -0.00422  0.00483  0.97052  0.14446
 0.96464  0.14361 -0.00601  0.01492 -0.00646  0.00984  0.96142  0.13894
 0.96034  0.21136 -0.00496  0.00754 -0.00797  0.01224  0.94784  0.20257
 0.98279  0.15758 -0.00136  0.00018 -0.00628  0.01377  0.96664  0.14566
 1.00099  0.13017  0.00135 -0.00901 -0.00424  0.01158  0.99152  0.11179
# 
 0.98440  0.20102  0.00778 -0.02204 -0.00464  0.01260  0.99509  0.16480
 0.96732  0.26093  0.01154 -0.02586 -0.00200  0.00667  1.00334  0.22101
 0.99064  0.16216  0.00923 -0.02715  0.00105  0.00072  1.03226  0.12384
 0.99616  0.14212  0.00747 -0.02387  0.00370 -0.00626  1.02409  0.12276
 1.00403  0.15994  0.00677 -0.01821  0.00759 -0.01158  1.00706  0.16745
 1.02683  0.05683  0.00383 -0.01014  0.00943 -0.01702  1.00489  0.09046
 1.02368 -0.02690  0.00319 -0.00072  0.00895 -0.02026  0.99308  0.02605
 1.00799  0.02000  0.00331  0.00879  0.01055 -0.02035  0.98461  0.07113
 0.98515  0.05917  0.00195  0.01767  0.00846 -0.01667  0.98002  0.09555
 0.97198  0.06563  0.00062  0.02457  0.00440 -0.00977  0.98641  0.08269
 0.95404  0.11930 -0.00391  0.02827 -0.00053 -0.00074  0.97873  0.12053
 0.93750  0.21308 -0.00913  0.02788 -0.00675  0.00754  0.95619  0.20825
 0.93076  0.25430 -0.01047  0.02074 -0.01096  0.01466  0.92601  0.24743
 0.93423  0.30872 -0.00853  0.01058 -0.01256  0.01744  0.91001  0.29898
 0.96509  0.26873 -0.00222 -0.00108 -0.00977  0.01880  0.93427  0.25427
 0.98508  0.23187  0.00317 -0.01375 -0.00647  0.01542  0.96903  0.20765
# 
 0.93626  0.36218  0.01269 -0.02933 -0.00625  0.01590  0.95173  0.31309
 0.91600  0.39900  0.01695 -0.03468 -0.00367  0.00919  0.97803  0.34158
 0.95573  0.30309  0.01322 -0.03677  0.00102  0.00033  1.02520  0.24760
 0.95828  0.28769  0.01142 -0.03143  0.00498 -0.00908  1.00690  0.25801
 0.97926  0.25102  0.00836 -0.02420  0.00928 -0.01599  0.98112  0.26057
 1.02029  0.14271  0.00467 -0.01438  0.01193 -0.02287  0.98130  0.19478
 1.02831  0.03512  0.00395 -0.00101  0.01199 -0.02830  0.98015  0.11639
 1.00367  0.09679  0.00457  0.01254  0.01442 -0.02814  0.96394  0.17353
 0.96358  0.14641  0.00388  0.02401  0.01148 -0.02333  0.95941  0.19744
 0.94695  0.17183  0.00171  0.03268  0.00550 -0.01486  0.97736  0.18734
 0.91726  0.25207 -0.00566  0.03882 -0.00188 -0.00179  0.96253  0.24462
 0.88912  0.34602 -0.01413  0.03795 -0.01091  0.01044  0.92158  0.33238
 0.88199  0.38264 -0.01724  0.02952 -0.01681  0.01992  0.87565  0.37220
 0.88755  0.43829 -0.01379  0.01498 -0.01954  0.02374  0.84728  0.42847
 0.92375  0.40787 -0.00387 -0.00167 -0.01516  0.02420  0.87012  0.39321
 0.95111  0.37593  0.00557 -0.01857 -0.00881  0.02096  0.91989  0.34819
# 
 0.83269  0.55866  0.01878 -0.03943 -0.00792  0.02043  0.85907  0.49363
 0.80951  0.58451  0.02435 -0.04671 -0.00436  0.01211  0.90986  0.50333
 0.86084  0.51348  0.02029 -0.04710  0.00071 -0.00071  0.97830  0.43334
 0.86164  0.48564  0.01661 -0.04035  0.00669 -0.01326  0.94231  0.44255
 0.91549  0.39406  0.00966 -0.03309  0.01225 -0.02326  0.91887  0.40694
 0.98671  0.28231  0.00524 -0.01967  0.01528 -0.02953  0.92201  0.36039
 1.02329  0.15518  0.00534 -0.00228  0.01566 -0.03655  0.94038  0.27507
 0.97018  0.26436  0.00624  0.01695  0.01949 -0.03707  0.90274  0.37515
 0.90364  0.32841  0.00579  0.03087  0.01701 -0.03038  0.89548  0.39691
 0.88107  0.36953  0.00099  0.04261  0.00877 -0.01821  0.93386  0.38184
 0.83027  0.47132 -0.01016  0.05198 -0.00256 -0.00136  0.91265  0.45010
 0.79105  0.53903 -0.02038  0.05121 -0.01615  0.01493  0.84878  0.51295
 0.75684  0.60173 -0.02764  0.03908 -0.02549  0.02586  0.75002  0.58792
 0.76593  0.65429 -0.02142  0.01864 -0.02794  0.03140  0.69650  0.64126
 0.84236  0.60445 -0.00604 -0.00255 -0.02039  0.03154  0.75352  0.59203
 0.87312  0.56554  0.00879 -0.02361 -0.01348  0.02758  0.82084  0.53236
# 
 0.58404  0.81836  0.02638 -0.04825 -0.01192  0.02662  0.62318  0.73773
 0.56885  0.83117  0.03351 -0.05834 -0.00602  0.01658  0.72239  0.71994
 0.63203  0.77467  0.03052 -0.05810  0.00206 -0.00137  0.81842  0.66878
 0.62679  0.74630  0.02482 -0.05103  0.01107 -0.01973  0.75405  0.68858
 0.72606  0.62456  0.01226 -0.04677  0.01428 -0.03132  0.72866  0.64009
 0.83170  0.54459  0.00683 -0.02924  0.02344 -0.03792  0.72505  0.65102
 0.93891  0.39353  0.00606 -0.00309  0.02226 -0.04686  0.80508  0.55865
 0.84058  0.51264  0.00820  0.02415  0.02443 -0.04731  0.73171  0.66956
 0.73083  0.60199  0.00777  0.04126  0.02362 -0.03794  0.71796  0.69012
 0.72625  0.64044  0.00242  0.05372  0.01271 -0.02314  0.80985  0.63843
 0.61364  0.77756 -0.01645  0.06548 -0.00512 -0.00198  0.74774  0.73704
 0.56201  0.81858 -0.03159  0.06703 -0.02473  0.01896  0.65538  0.77392
 0.49748  0.86531 -0.04111  0.04929 -0.03887  0.03241  0.49020  0.84447
 0.50501  0.90483 -0.03270  0.02135 -0.04001  0.03944  0.39652  0.89205
 0.61179  0.86208 -0.00763 -0.00529 -0.02941  0.03731  0.47140  0.84865
 0.65823  0.82800  0.01357 -0.02980 -0.01593  0.03310  0.57478  0.79419
# 
 0.05543  0.99064  0.03283 -0.04693 -0.01381  0.02771  0.10621  0.90648
 0.09415  0.99144  0.03616 -0.05998 -0.01013  0.02103  0.29078  0.86694
 0.15239  0.95790  0.03648 -0.05836  0.00269 -0.00244  0.39488  0.84633
 0.15653  0.90816  0.03087 -0.05295  0.01375 -0.02768  0.31810  0.84033
 0.27567  0.83353  0.01275 -0.05543  0.01676 -0.04072  0.27619  0.85169
 0.42119  0.76109  0.00923 -0.03644  0.02783 -0.03746  0.27501  0.88411
 0.64064  0.63644  0.00506 -0.00515  0.02398 -0.04808  0.46685  0.84277
 0.46096  0.77442  0.00591  0.03063  0.02874 -0.04718  0.31405  0.95570
 0.31388  0.88859  0.00848  0.04675  0.02739 -0.03693  0.29274  0.98155
 0.35734  0.92301  0.00294  0.05518  0.01288 -0.02276  0.46929  0.90196
 0.23257  0.99788 -0.01806  0.06998 -0.00588 -0.00215  0.40902  0.92713
 0.10937  1.04778 -0.03904  0.07338 -0.03104  0.01813  0.24010  0.97947
-0.03912  1.04782 -0.05304  0.04765 -0.04754  0.02967 -0.04474  1.02113
-0.01131  1.01829 -0.04062  0.01730 -0.04779  0.03725 -0.15401  1.00716
 0.16992  0.98223 -0.00950 -0.00625 -0.03249  0.03886 -0.01666  0.97627
 0.20391  0.98543  0.01562 -0.02924 -0.02079  0.03085  0.09577  0.96246
# 
-0.52107  0.90700  0.02965 -0.02990 -0.01287  0.02872 -0.46917  0.84503
-0.43277  0.93161  0.03129 -0.04248 -0.01070  0.02312 -0.23197  0.82112
-0.35905  0.88964  0.03642 -0.04119  0.00101 -0.00224 -0.11169  0.79269
-0.38684  0.86152  0.03169 -0.04094  0.01776 -0.03055 -0.22300  0.80450
-0.30212  0.86760  0.01424 -0.05447  0.01597 -0.04282 -0.30164  0.88296
-0.08413  0.80927  0.00944 -0.03848  0.02803 -0.03259 -0.23654  0.92332
 0.19283  0.77407  0.00375 -0.00359  0.02277 -0.03767  0.00559  0.97344
-0.00954  0.88101  0.00517  0.03419  0.02153 -0.03605 -0.16320  1.05455
-0.19031  1.01341  0.00688  0.04372  0.02723 -0.02472 -0.21218  1.09213
-0.11577  1.04097 -0.00147  0.04451  0.01230 -0.01384 -0.00377  1.00495
-0.24304  1.02183 -0.01805  0.05665 -0.00598  0.00079 -0.05378  0.93998
-0.39369  1.04223 -0.03649  0.05896 -0.02851  0.01100 -0.25586  0.97136
-0.61060  0.95873 -0.05519  0.03031 -0.04746  0.01699 -0.61242  0.93226
-0.51933  0.86378 -0.03803  0.00901 -0.04228  0.02840 -0.66793  0.85527
-0.30740  0.84342 -0.00824 -0.00572 -0.02775  0.02773 -0.50093  0.84286
-0.32553  0.90561  0.01537 -0.02238 -0.01971  0.02254 -0.43909  0.89342
# 
-0.91902  0.62240  0.02147 -0.00565 -0.01254  0.02553 -0.87477  0.58933
-0.78284  0.70231  0.01942 -0.02237 -0.01313  0.02404 -0.61334  0.62829
-0.67271  0.65619  0.02833 -0.02188  0.00022 -0.00291 -0.46260  0.58717
-0.74202  0.63337  0.03034 -0.02512  0.01739 -0.03257 -0.60449  0.59615
-0.72051  0.72157  0.01320 -0.04828  0.01350 -0.04413 -0.72297  0.73203
-0.47179  0.70142  0.01141 -0.03854  0.02459 -0.02277 -0.60525  0.77996
-0.16844  0.74029  0.00287  0.00060  0.01792 -0.02184 -0.33106  0.89920
-0.37496  0.83662  0.00075  0.03391  0.01249 -0.01576 -0.50825  0.96788
-0.54381  0.97457  0.00657  0.03751  0.02149 -0.00279 -0.56575  1.02759
-0.45108  0.95861 -0.00813  0.02687  0.00776 -0.00064 -0.35711  0.91288
-0.56278  0.82684 -0.01814  0.03407 -0.00488  0.00077 -0.39811  0.75477
-0.75587  0.80757 -0.03066  0.03636 -0.02341  0.00151 -0.63189  0.75049
-0.98190  0.64844 -0.04645  0.00404 -0.03834 -0.00411 -0.98016  0.63235
-0.80948  0.55537 -0.02635 -0.00445 -0.02634  0.01488 -0.93456  0.55067
-0.57633  0.57722 -0.00570 -0.00655 -0.01975  0.01608 -0.74613  0.58963
-0.72352  0.55720  0.00928 -0.00793 -0.02053  0.00767 -0.81629  0.54987
# 
-1.12970  0.31717  0.01125  0.01795 -0.00941  0.02639 -1.09281  0.30933
-0.96505  0.44748  0.00775 -0.00203 -0.01686  0.02711 -0.83158  0.41127
-0.80695  0.42580  0.01991 -0.00467  0.00100 -0.00104 -0.64375  0.38508
-0.92270  0.40391  0.02805 -0.01350  0.01907 -0.03430 -0.81620  0.38797
-0.98609  0.52864  0.01180 -0.04758  0.01000 -0.04582 -0.98992  0.53234
-0.71830  0.54751  0.01435 -0.03734  0.02364 -0.01279 -0.82702  0.58973
-0.39840  0.64767  0.00090  0.00039  0.01355 -0.00827 -0.53665  0.76030
-0.60319  0.75264 -0.00275  0.03738  0.00534  0.00213 -0.71510  0.83656
-0.77210  0.89884  0.00693  0.03512  0.02284  0.01619 -0.79630  0.92777
-0.67787  0.80580 -0.01367  0.01181  0.00425  0.01207 -0.60575  0.76035
-0.71608  0.59297 -0.01459  0.01568 -0.00399  0.00158 -0.58287  0.52953
-0.92832  0.56136 -0.02039  0.01458 -0.01494 -0.01017 -0.82250  0.51326
-1.16127  0.33701 -0.03620 -0.01823 -0.02821 -0.02202 -1.15373  0.32580
-0.93966  0.25918 -0.01373 -0.01308 -0.01332  0.00447 -1.04288  0.25835
-0.70066  0.29063 -0.00316 -0.00210 -0.01006  0.00403 -0.83788  0.30623
-0.87729  0.28779  0.00090  0.00501 -0.01503 -0.00174 -0.95099  0.29262
# 
-1.23482  0.04671  0.00075  0.04002 -0.00755  0.03328 -1.20913  0.05982
-1.04558  0.16389 -0.00802  0.01544 -0.02339  0.02914 -0.95424  0.16545
-0.83957  0.18209  0.01043  0.00988 -0.00121 -0.00135 -0.72911  0.17424
-0.99982  0.19171  0.02780  0.00076  0.02254 -0.03649 -0.92674  0.20145
-1.16188  0.29769  0.00866 -0.04929  0.00677 -0.05241 -1.16546  0.29735
-0.86671  0.37278  0.01771 -0.04137  0.02460 -0.00614 -0.95157  0.37626
-0.55278  0.50766 -0.00047  0.00323  0.01081  0.00426 -0.66569  0.56424
-0.77854  0.61064 -0.00835  0.04363 -0.00338  0.01900 -0.87681  0.64294
-0.96711  0.77048  0.00809  0.03623  0.02605  0.03648 -0.99610  0.77736
-0.82471  0.60112 -0.02292 -0.00025  0.00008  0.02236 -0.77741  0.56660
-0.77039  0.34441 -0.01062  0.00021 -0.00166 -0.00015 -0.67085  0.29607
-1.00245  0.27919 -0.00954 -0.00381 -0.00531 -0.01958 -0.91868  0.24938
-1.23586  0.02272 -0.02501 -0.04283 -0.01816 -0.04083 -1.22671  0.01612
-0.96199 -0.01906 -0.00052 -0.02230  0.00132 -0.00458 -1.03534 -0.02039
-0.70777  0.04443  0.00034  0.00069 -0.00202 -0.00360 -0.80577  0.06509
-0.91360 -0.03788 -0.00788  0.01075 -0.01345 -0.01115 -0.96375 -0.02755
# 
-1.27473 -0.24311 -0.00706  0.06609 -0.00744  0.04171 -1.25944 -0.21299
-1.02906 -0.16100 -0.02392  0.02832 -0.03525  0.03612 -0.98000 -0.12010
-0.77938 -0.12089  0.00393  0.02169 -0.00042 -0.00010 -0.72553 -0.08946
-1.00634 -0.09838  0.03012  0.01120  0.03338 -0.04085 -0.97389 -0.06189
-1.26367  0.04905  0.00467 -0.05652  0.00084 -0.06434 -1.27228  0.04492
-0.94541  0.17694  0.02305 -0.04465  0.02733 -0.00432 -1.00548  0.13885
-0.65379  0.30883 -0.00114  0.00472  0.00775  0.01441 -0.73949  0.30155
-0.91286  0.41263 -0.01710  0.05173 -0.01182  0.03559 -0.99590  0.38795
-1.21563  0.47755  0.00770  0.04540  0.02796  0.06165 -1.24375  0.46174
-0.92065  0.34671 -0.03124 -0.00939 -0.00477  0.03438 -0.89238  0.33132
-0.74157  0.05586 -0.00726 -0.01459  0.00001  0.00174 -0.67728  0.02868
-0.99457 -0.05129  0.00431 -0.02220  0.00725 -0.02977 -0.93471 -0.05815
-1.22862 -0.31092 -0.01256 -0.07101 -0.00717 -0.06502 -1.22047 -0.31246
-0.87806 -0.34821  0.01753 -0.02722  0.01730 -0.01223 -0.92126 -0.35169
-0.62934 -0.22087  0.00325  0.00043  0.00226 -0.01036 -0.69002 -0.19968
-0.87144 -0.30751 -0.02046  0.02149 -0.01590 -0.01934 -0.89869 -0.29423
# 
