# Jones matrix for 2548 MHz, dr=0.05 degrees, dtheta=22.5 degrees
# Array shape (radius,theta,pol): (13, 16, 4)
 0.99750 -0.01637  0.00655  0.00042 -0.00265  0.00181  1.00591 -0.01671
 1.00430  0.00745  0.00789  0.00009 -0.00127  0.00132  1.01328  0.00502
 1.00676 -0.00221  0.00733 -0.00076 -0.00020  0.00052  1.01479 -0.00450
 1.00940 -0.01234  0.00575 -0.00166  0.00115 -0.00069  1.01280 -0.01356
 1.01157  0.00627  0.00437 -0.00137  0.00230 -0.00125  1.01214  0.00784
 1.01224 -0.00395  0.00202 -0.00048  0.00337 -0.00036  1.00619  0.00012
 1.01054 -0.00565 -0.00018  0.00121  0.00426  0.00061  1.00099 -0.00107
 1.00694 -0.00678 -0.00241  0.00229  0.00460  0.00153  0.99797 -0.00375
 1.00175 -0.00884 -0.00502  0.00265  0.00370  0.00194  0.99428 -0.00735
 0.99702 -0.01430 -0.00620  0.00242  0.00221  0.00061  0.99060 -0.01557
 0.99391 -0.00221 -0.00692  0.00099 -0.00002 -0.00071  0.99135 -0.00524
 0.98937 -0.00532 -0.00653 -0.00079 -0.00219 -0.00178  0.98843 -0.00779
 0.98597  0.01157 -0.00503 -0.00139 -0.00373 -0.00260  0.98786  0.01142
 0.98946  0.00208 -0.00275 -0.00164 -0.00431 -0.00193  0.99173  0.00416
 0.99013  0.00052  0.00042 -0.00076 -0.00456 -0.00048  0.99135  0.00313
 0.99825 -0.01528  0.00351  0.00007 -0.00412  0.00119  1.00231 -0.01437
# 
 0.99708  0.01380  0.01476  0.00396 -0.00427  0.00702  1.01411  0.01250
 0.99718  0.09530  0.01622  0.00357 -0.00267  0.00505  1.02010  0.08750
 1.00827  0.02387  0.01498 -0.00184 -0.00021  0.00085  1.02812  0.01108
 1.01774  0.01415  0.01151 -0.00547  0.00160 -0.00367  1.02856  0.00634
 1.02069  0.04188  0.00714 -0.00643  0.00374 -0.00531  1.01717  0.04423
 1.02746  0.01535  0.00271 -0.00375  0.00639 -0.00323  1.00858  0.02789
 1.02720 -0.01776 -0.00059  0.00216  0.00917  0.00162  1.00150 -0.00149
 1.01674 -0.01985 -0.00447  0.00725  0.01053  0.00559  0.99390 -0.00750
 1.00549  0.00758 -0.00795  0.00949  0.00920  0.00739  0.99125  0.00915
 0.99390  0.03610 -0.01172  0.00663  0.00589  0.00485  0.98904  0.02681
 0.98226  0.02265 -0.01441  0.00169  0.00037 -0.00099  0.98414  0.00880
 0.97253  0.08938 -0.01483 -0.00458 -0.00457 -0.00653  0.97953  0.07963
 0.97044  0.08060 -0.01216 -0.00753 -0.00807 -0.00900  0.97476  0.07920
 0.97230  0.10991 -0.00646 -0.00588 -0.00970 -0.00780  0.97207  0.11769
 0.98294  0.07392  0.00097 -0.00161 -0.00930 -0.00170  0.98318  0.08574
 0.99461  0.04181  0.00813  0.00257 -0.00617  0.00429  1.00062  0.05012
# 
 0.99286  0.10123  0.02572  0.01326 -0.00463  0.01669  1.01922  0.10032
 0.98408  0.19005  0.02699  0.01088 -0.00293  0.01231  1.02856  0.17062
 1.00749  0.09538  0.02448 -0.00219 -0.00068  0.00126  1.04931  0.06336
 1.02199  0.07527  0.01699 -0.01247  0.00074 -0.01042  1.04485  0.05355
 1.03044  0.12147  0.01026 -0.01541  0.00433 -0.01434  1.02297  0.12440
 1.04750  0.04617  0.00337 -0.00974  0.00868 -0.00931  1.01257  0.07348
 1.04610 -0.00868 -0.00130  0.00338  0.01485  0.00191  0.99881  0.03140
 1.03236  0.00273 -0.00472  0.01574  0.01935  0.01295  0.98885  0.03189
 1.00803  0.05484 -0.01040  0.02059  0.01781  0.01793  0.98300  0.05645
 0.98642  0.08465 -0.01646  0.01484  0.01165  0.01186  0.98537  0.06093
 0.96706  0.08037 -0.02306  0.00274  0.00093 -0.00187  0.98106  0.04580
 0.94620  0.18518 -0.02486 -0.01283 -0.00851 -0.01550  0.96433  0.16123
 0.94560  0.16844 -0.02092 -0.01834 -0.01465 -0.02107  0.95126  0.16622
 0.94302  0.22425 -0.01075 -0.01459 -0.01504 -0.01740  0.93542  0.24365
 0.96858  0.16593  0.00113 -0.00323 -0.01428 -0.00465  0.95841  0.19634
 0.98760  0.14362  0.01436  0.00871 -0.00989  0.01132  0.99119  0.16536
# 
 0.96029  0.25395  0.03971  0.03140 -0.00591  0.03387  0.99947  0.25607
 0.93976  0.34174  0.04051  0.02536 -0.00354  0.02492  1.01689  0.30376
 0.98234  0.25077  0.03613 -0.00080 -0.00064  0.00161  1.06133  0.18777
 1.00157  0.23467  0.02394 -0.02285 -0.00020 -0.02235  1.04747  0.19215
 1.02235  0.24223  0.01272 -0.03111  0.00467 -0.03080  1.01150  0.24729
 1.06708  0.12372  0.00216 -0.02054  0.01015 -0.01995  1.00454  0.17794
 1.07196  0.02466 -0.00144  0.00499  0.02207  0.00356  0.99001  0.10604
 1.04543  0.08285 -0.00334  0.02934  0.03094  0.02696  0.97354  0.13765
 1.00265  0.14281 -0.00991  0.03930  0.03015  0.03594  0.96682  0.14412
 0.97729  0.16344 -0.02060  0.02796  0.02036  0.02325  0.98120  0.11436
 0.93828  0.21339 -0.03358  0.00259  0.00082 -0.00253  0.97279  0.14208
 0.90236  0.29656 -0.03790 -0.02593 -0.01468 -0.02981  0.94322  0.24918
 0.89092  0.31161 -0.03205 -0.03748 -0.02265 -0.04217  0.90014  0.30903
 0.89997  0.34866 -0.01684 -0.02993 -0.02193 -0.03390  0.87349  0.38834
 0.93922  0.29614  0.00271 -0.00395 -0.02017 -0.00633  0.90619  0.35756
 0.96174  0.26992  0.02316  0.02046 -0.01353  0.02066  0.95496  0.31475
# 
 0.85943  0.47803  0.05706  0.06450 -0.00732  0.06260  0.91413  0.48353
 0.83048  0.55320  0.05748  0.05155 -0.00462  0.04695  0.96276  0.48752
 0.90290  0.48198  0.05004  0.00366 -0.00018  0.00175  1.04187  0.37065
 0.92419  0.46633  0.03250 -0.03867 -0.00063 -0.04391  1.00706  0.39037
 0.97333  0.40854  0.01273 -0.05867  0.00319 -0.05891  0.95474  0.41218
 1.05679  0.27104 -0.00082 -0.03975  0.01078 -0.03639  0.94971  0.36746
 1.08299  0.13834 -0.00146  0.00727  0.03086  0.00559  0.95587  0.28762
 1.03626  0.22591  0.00088  0.05118  0.04791  0.04991  0.92106  0.32586
 0.96261  0.31269 -0.00680  0.06762  0.05004  0.06645  0.91151  0.31324
 0.92594  0.36639 -0.02403  0.04679  0.03365  0.04384  0.94596  0.27033
 0.85873  0.44043 -0.04698  0.00079  0.00216 -0.00359  0.93261  0.30772
 0.79846  0.50792 -0.05547 -0.04916 -0.02120 -0.05478  0.87028  0.42015
 0.78535  0.49722 -0.04888 -0.06967 -0.03273 -0.07613  0.79870  0.49423
 0.80123  0.51785 -0.02478 -0.05444 -0.03049 -0.06085  0.74289  0.59415
 0.85798  0.46840  0.00386 -0.00546 -0.02712 -0.01246  0.77974  0.58053
 0.88132  0.45718  0.03488  0.04346 -0.01703  0.03999  0.85350  0.54412
# 
 0.58982  0.72860  0.07436  0.11292 -0.00779  0.10374  0.66427  0.74805
 0.55437  0.81432  0.07453  0.09075 -0.00590  0.07783  0.75953  0.70793
 0.64892  0.79487  0.06395  0.01225 -0.00020  0.00279  0.87895  0.61249
 0.67268  0.76331  0.04104 -0.06045  0.00043 -0.07545  0.81087  0.63884
 0.77821  0.64491  0.01137 -0.09939 -0.00329 -0.10074  0.75403  0.64972
 0.91547  0.49423 -0.00578 -0.06913  0.00885 -0.06203  0.75302  0.65359
 0.99575  0.34201 -0.00213  0.00797  0.04039  0.01026  0.80308  0.58857
 0.89778  0.48566  0.00622  0.08242  0.06910  0.08536  0.72280  0.64464
 0.77553  0.61376 -0.00179  0.10704  0.07332  0.11190  0.70707  0.60779
 0.72390  0.69071 -0.02749  0.07072  0.04880  0.07681  0.77652  0.52525
 0.62061  0.77217 -0.05939 -0.00751  0.00342 -0.00395  0.76203  0.55440
 0.53640  0.79240 -0.07492 -0.08247 -0.03193 -0.09144  0.65784  0.64505
 0.48450  0.76753 -0.05956 -0.11837 -0.03864 -0.12588  0.50223  0.76554
 0.52127  0.74463 -0.02848 -0.09079 -0.03301 -0.10093  0.40616  0.86313
 0.63732  0.67456  0.00466 -0.00608 -0.03418 -0.02007  0.48888  0.86146
 0.65475  0.67494  0.04866  0.07691 -0.02029  0.06473  0.58863  0.82262
# 
 0.07135  0.95866  0.08153  0.17128 -0.00967  0.14927  0.15980  0.98990
 0.05092  1.04945  0.08143  0.13470 -0.00649  0.11423  0.32882  0.90136
 0.16186  1.07282  0.07006  0.02663  0.00248  0.00171  0.48777  0.82326
 0.17270  1.03498  0.04815 -0.08405  0.00645 -0.11241  0.37474  0.86288
 0.34099  0.91923  0.00534 -0.14344 -0.00954 -0.15057  0.30999  0.92255
 0.52190  0.78494 -0.00628 -0.10229  0.00819 -0.08710  0.29425  0.99879
 0.70404  0.62977 -0.00124  0.01022  0.04604  0.01929  0.44981  0.97368
 0.54404  0.79048  0.01581  0.11661  0.08433  0.12459  0.31315  1.01307
 0.36048  0.96510  0.00809  0.14898  0.09316  0.16477  0.27936  0.94901
 0.34558  1.05012 -0.02154  0.09450  0.06779  0.11289  0.42676  0.79898
 0.15119  1.10271 -0.06505 -0.01888  0.00475 -0.00534  0.37520  0.79590
 0.05102  1.08045 -0.08403 -0.12609 -0.03868 -0.13092  0.23621  0.87170
-0.03881  0.99314 -0.06553 -0.17296 -0.04017 -0.18106 -0.01926  0.99092
 0.02392  0.89001 -0.02862 -0.13126 -0.02581 -0.14344 -0.16039  1.05779
 0.19418  0.82599  0.00494 -0.00698 -0.03436 -0.03010 -0.05277  1.07950
 0.19789  0.86968  0.05505  0.11960 -0.02588  0.09308  0.07415  1.07911
# 
-0.50277  0.83120  0.05393  0.17962 -0.01555  0.14923 -0.43494  0.87043
-0.46740  0.92601  0.05377  0.13815 -0.00803  0.11607 -0.20685  0.78507
-0.38228  0.95500  0.04947  0.03377  0.00318 -0.00051 -0.06693  0.72902
-0.36837  0.92510  0.03877 -0.07960  0.01061 -0.11443 -0.17584  0.75927
-0.22645  0.89934 -0.00098 -0.14428 -0.01206 -0.15121 -0.25244  0.89958
-0.04246  0.77790 -0.00547 -0.10550  0.00638 -0.08836 -0.25214  0.97363
 0.21580  0.70070  0.00075  0.00837  0.03600  0.02108 -0.00515  1.03709
 0.00192  0.84203  0.01752  0.11515  0.06569  0.12989 -0.20985  1.04748
-0.18280  1.01574  0.01750  0.14162  0.08032  0.16832 -0.24946  0.99001
-0.12941  1.08624 -0.01057  0.08531  0.06218  0.11494 -0.04761  0.83608
-0.29849  1.04563 -0.04732 -0.02638  0.00311 -0.00261 -0.07355  0.74103
-0.44813  1.00404 -0.06079 -0.12967 -0.02838 -0.13212 -0.26175  0.80315
-0.59372  0.85329 -0.04186 -0.17545 -0.01936 -0.18274 -0.57678  0.85385
-0.48674  0.68254 -0.00929 -0.13298 -0.00162 -0.13809 -0.68920  0.83514
-0.27568  0.65008  0.00430 -0.00619 -0.02030 -0.03033 -0.53908  0.88898
-0.31228  0.73792  0.03773  0.12419 -0.02206  0.08689 -0.45814  0.94877
# 
-0.83133  0.58692  0.02388  0.16320 -0.01509  0.12974 -0.79016  0.62900
-0.75608  0.69378  0.02367  0.12259 -0.01158  0.10401 -0.54808  0.57900
-0.66713  0.69727  0.02629  0.03359  0.00424 -0.00019 -0.40441  0.51756
-0.69580  0.69648  0.02913 -0.06439  0.01820 -0.10416 -0.53299  0.56073
-0.62457  0.73915 -0.00014 -0.12530 -0.00448 -0.13623 -0.64202  0.73641
-0.40433  0.65564  0.00010 -0.09615  0.00339 -0.07520 -0.56913  0.81763
-0.14183  0.65429  0.00362  0.00354  0.02259  0.02153 -0.31606  0.93218
-0.34510  0.76633  0.01647  0.09908  0.04283  0.11576 -0.50961  0.93605
-0.53093  0.92839  0.02055  0.11825  0.06227  0.15147 -0.57694  0.89851
-0.45233  0.96416 -0.00519  0.06565  0.04643  0.10634 -0.37440  0.74643
-0.56947  0.84041 -0.02768 -0.02894  0.00376 -0.00334 -0.37208  0.58163
-0.73108  0.78704 -0.02970 -0.11678 -0.01396 -0.11676 -0.56534  0.62310
-0.90212  0.58966 -0.01536 -0.15935  0.00213 -0.16153 -0.88797  0.59349
-0.73837  0.40579  0.00764 -0.11577  0.02008 -0.11774 -0.92685  0.52530
-0.52162  0.39393  0.00236 -0.00302 -0.00671 -0.02385 -0.76839  0.58662
-0.61687  0.50612  0.01658  0.11409 -0.02189  0.07507 -0.75762  0.68316
# 
-1.06725  0.31340 -0.00951  0.15013 -0.02368  0.11511 -1.04766  0.35596
-0.94534  0.46908 -0.00870  0.11196 -0.01957  0.09262 -0.77840  0.38364
-0.81383  0.45802  0.00606  0.03361  0.00487 -0.00085 -0.59908  0.31677
-0.89537  0.45615  0.02713 -0.05075  0.02997 -0.09480 -0.75921  0.34986
-0.90803  0.57491  0.00401 -0.11329  0.00391 -0.12519 -0.92069  0.57005
-0.65983  0.52343  0.00853 -0.09212  0.01018 -0.06508 -0.79066  0.64661
-0.37689  0.58634  0.00377  0.00207  0.01232  0.02341 -0.50790  0.80774
-0.58837  0.69284  0.01132  0.08960  0.01991  0.10811 -0.71382  0.82378
-0.76960  0.86519  0.02106  0.10064  0.04532  0.13881 -0.80109  0.83203
-0.65963  0.83641 -0.00387  0.05037  0.02781  0.10007 -0.58709  0.64530
-0.73918  0.61659 -0.00851 -0.03335  0.00261 -0.00180 -0.55134  0.40741
-0.93542  0.53561  0.00475 -0.10729  0.00827 -0.10629 -0.78015  0.41072
-1.11052  0.29840  0.01255 -0.14405  0.02714 -0.14248 -1.10459  0.30580
-0.86762  0.15888  0.02218 -0.10227  0.03948 -0.09605 -1.03898  0.25208
-0.63172  0.18242  0.00088 -0.00096  0.00300 -0.01991 -0.85970  0.33870
-0.80161  0.18691 -0.01647  0.10051 -0.03019  0.05689 -0.95075  0.31607
# 
-1.19663  0.00669 -0.04307  0.12920 -0.03226  0.09626 -1.19759  0.04598
-1.03881  0.19864 -0.04456  0.09522 -0.03494  0.08126 -0.91942  0.14855
-0.84633  0.20847 -0.01118  0.03224  0.00521 -0.00091 -0.69175  0.10463
-0.99233  0.20479  0.02914 -0.03565  0.04462 -0.08400 -0.89573  0.12995
-1.13103  0.34980  0.01006 -0.09944  0.01451 -0.11365 -1.13692  0.34041
-0.84501  0.34459  0.02265 -0.08489  0.02070 -0.05389 -0.93490  0.41991
-0.54835  0.46266  0.00647 -0.00041  0.00272  0.02478 -0.63769  0.61706
-0.77543  0.58665  0.00157  0.08317 -0.00886  0.09856 -0.86391  0.67043
-0.97416  0.77086  0.01886  0.08400  0.02385  0.13013 -0.99617  0.73411
-0.83556  0.63345 -0.00982  0.03415  0.00722  0.09734 -0.76402  0.48735
-0.80040  0.34659  0.00673 -0.03400  0.00193  0.00133 -0.63879  0.19370
-1.02575  0.26103  0.03894 -0.09470  0.02967 -0.09328 -0.89162  0.17831
-1.21727 -0.00163  0.03974 -0.12563  0.04726 -0.12017 -1.21489  0.00521
-0.90527 -0.10426  0.04138 -0.08426  0.06226 -0.06784 -1.05465 -0.04446
-0.63696 -0.06103 -0.00175  0.00057  0.01280 -0.01662 -0.83683  0.04520
-0.86345 -0.06208 -0.03870  0.08664 -0.03321  0.04087 -0.99443  0.03439
# 
-1.23084 -0.32655 -0.07227  0.10173 -0.03825  0.07238 -1.24987 -0.28987
-1.01432 -0.17600 -0.08930  0.06577 -0.05673  0.06233 -0.95871 -0.17658
-0.75763 -0.12032 -0.02983  0.02884  0.00532  0.00132 -0.68244 -0.16548
-0.99192 -0.10805  0.03449 -0.01791  0.06151 -0.06641 -0.94613 -0.13098
-1.27740  0.02890  0.02027 -0.08241  0.03092 -0.09424 -1.27502  0.01203
-0.95700  0.08280  0.04614 -0.07423  0.03921 -0.03941 -0.99639  0.09093
-0.67467  0.24012  0.00557 -0.00044 -0.00802  0.02242 -0.71814  0.29701
-0.94244  0.35739 -0.02159  0.07617 -0.05233  0.08847 -0.99280  0.36914
-1.19161  0.55534  0.00406  0.06640 -0.01065  0.11586 -1.19355  0.51363
-0.95556  0.30796 -0.02290  0.01837 -0.02517  0.09092 -0.89008  0.22225
-0.76221 -0.00393  0.02333 -0.03119  0.00435  0.00199 -0.63881 -0.08066
-1.00643 -0.11207  0.07844 -0.06923  0.05354 -0.07441 -0.90277 -0.13349
-1.21534 -0.36995  0.06198 -0.09649  0.06626 -0.08953 -1.21346 -0.36211
-0.82069 -0.39537  0.06123 -0.06000  0.08477 -0.03452 -0.93013 -0.38349
-0.53455 -0.30246 -0.00196  0.00389  0.01896 -0.00746 -0.67555 -0.24686
-0.77507 -0.39479 -0.06794  0.05952 -0.04262  0.01425 -0.87569 -0.35363
# 
-1.11299 -0.71227 -0.09563  0.05869 -0.04180  0.04110 -1.15206 -0.68909
-0.78503 -0.62629 -0.13394  0.01541 -0.08378  0.03108 -0.81009 -0.57364
-0.47643 -0.52962 -0.04379  0.01479  0.00219  0.00107 -0.50948 -0.50353
-0.81177 -0.55350  0.04898  0.00778  0.09137 -0.04033 -0.84037 -0.50876
-1.27654 -0.37556  0.02885 -0.05828  0.04723 -0.06792 -1.26991 -0.39166
-0.94824 -0.25489  0.07338 -0.06056  0.06540 -0.02063 -0.92352 -0.33311
-0.71381 -0.10999  0.00671 -0.00265 -0.01972  0.01862 -0.69874 -0.17838
-1.02603 -0.00949 -0.05196  0.06781 -0.10297  0.06767 -1.03461 -0.09441
-1.38501  0.04529 -0.01704  0.04016 -0.05841  0.08526 -1.36277  0.00156
-0.97364 -0.16372 -0.04378  0.00311 -0.06487  0.07249 -0.91883 -0.15374
-0.56962 -0.44666  0.03949 -0.02304  0.00272  0.00785 -0.50524 -0.41911
-0.80319 -0.58258  0.11947 -0.02788  0.08548 -0.04308 -0.75026 -0.52245
-1.02657 -0.78054  0.07644 -0.05401  0.07745 -0.04605 -1.03548 -0.76895
-0.52945 -0.73076  0.08544 -0.01979  0.10102  0.02047 -0.56813 -0.78503
-0.27497 -0.56557 -0.00392  0.00604  0.02291  0.00297 -0.33372 -0.58883
-0.54484 -0.70571 -0.09655  0.02362 -0.05149 -0.01488 -0.58919 -0.73103
# 
