# Jones matrix for 2420 MHz, dr=0.05 degrees, dtheta=22.5 degrees
# Array shape (radius,theta,pol): (13, 16, 4)
 0.99607 -0.01326  0.00511 -0.00432 -0.00206  0.00091  1.00411 -0.01797
 1.00257  0.00797  0.00627 -0.00501 -0.00127  0.00032  1.00880  0.00427
 1.00546 -0.00282  0.00527 -0.00460 -0.00022  0.00031  1.01043 -0.00468
 1.00736 -0.01210  0.00400 -0.00409  0.00053 -0.00039  1.00835 -0.01228
 1.00763  0.00598  0.00244 -0.00236  0.00214 -0.00120  1.00917  0.00778
 1.00727 -0.00411  0.00123 -0.00122  0.00299 -0.00128  1.00483 -0.00078
 1.00456 -0.00577  0.00040  0.00077  0.00460 -0.00111  1.00032 -0.00117
 1.00321 -0.00740 -0.00107  0.00184  0.00497 -0.00166  0.99698 -0.00256
 0.99995 -0.01091 -0.00256  0.00318  0.00436 -0.00133  0.99228 -0.00639
 0.99896 -0.01663 -0.00423  0.00412  0.00235 -0.00117  0.98858 -0.01343
 0.99670 -0.00367 -0.00635  0.00356 -0.00072 -0.00030  0.98785 -0.00212
 0.99138 -0.00564 -0.00722  0.00310 -0.00329  0.00017  0.98614 -0.00603
 0.98722  0.01268 -0.00667  0.00180 -0.00544  0.00038  0.98758  0.01026
 0.98894  0.00559 -0.00404  0.00018 -0.00595  0.00113  0.99192  0.00177
 0.98876  0.00552 -0.00092 -0.00167 -0.00491  0.00083  0.99219  0.00038
 0.99643 -0.01206  0.00206 -0.00341 -0.00383  0.00093  1.00140 -0.01775
# 
 0.99372  0.01470  0.01460 -0.00875 -0.00072  0.00192  1.00853  0.00505
 0.99843  0.08745  0.01612 -0.00834  0.00060  0.00108  1.00902  0.08077
 1.00961  0.01427  0.01131 -0.00918 -0.00033 -0.00013  1.01363  0.00967
 1.01598  0.00375  0.00623 -0.00757 -0.00130 -0.00111  1.01628  0.00398
 1.01236  0.03328  0.00201 -0.00459  0.00049 -0.00221  1.01098  0.03769
 1.01275  0.01060  0.00024 -0.00156  0.00386 -0.00269  1.00853  0.01873
 1.01059 -0.02009  0.00071  0.00173  0.00919 -0.00360  1.00471 -0.01037
 1.00373 -0.02123  0.00107  0.00435  0.01296 -0.00345  0.99431 -0.01092
 1.00029 -0.00053 -0.00095  0.00727  0.01262 -0.00270  0.98676  0.00827
 0.99804  0.02650 -0.00613  0.00790  0.00776 -0.00163  0.97879  0.03280
 0.98961  0.01210 -0.01185  0.00823 -0.00009 -0.00004  0.97226  0.01575
 0.97897  0.08186 -0.01700  0.00624 -0.00896  0.00046  0.97020  0.08037
 0.97135  0.07895 -0.01700  0.00385 -0.01362  0.00106  0.97266  0.07478
 0.96644  0.11393 -0.01088  0.00057 -0.01404  0.00130  0.97566  0.10677
 0.97395  0.08204 -0.00122 -0.00293 -0.01026  0.00182  0.98882  0.07263
 0.98647  0.04610  0.00763 -0.00614 -0.00385  0.00210  1.00265  0.03597
# 
 0.98737  0.09405  0.02930 -0.01340  0.00415  0.00275  1.01107  0.07978
 0.99302  0.16630  0.03015 -0.01221  0.00471  0.00215  1.00675  0.15601
 1.01698  0.06664  0.01884 -0.01431 -0.00005 -0.00031  1.01783  0.06031
 1.02246  0.04658  0.00604 -0.01079 -0.00465 -0.00157  1.01982  0.04637
 1.01733  0.10074 -0.00201 -0.00669 -0.00475 -0.00297  1.01420  0.10728
 1.01742  0.03475 -0.00257 -0.00175  0.00329 -0.00390  1.01702  0.04709
 1.01118 -0.01122  0.00197  0.00241  0.01441 -0.00557  1.00875  0.00454
 1.00580 -0.00229  0.00647  0.00705  0.02407 -0.00633  0.99410  0.01494
 0.99924  0.03515  0.00478  0.00993  0.02531 -0.00419  0.97576  0.05012
 0.99635  0.05715 -0.00536  0.01275  0.01604 -0.00265  0.96414  0.06721
 0.98446  0.05172 -0.01855  0.01368 -0.00054 -0.00014  0.95513  0.05653
 0.96189  0.16180 -0.03043  0.00913 -0.01691  0.00037  0.94477  0.15890
 0.94651  0.15999 -0.03196  0.00540 -0.02710  0.00114  0.94855  0.15241
 0.92805  0.22638 -0.02059 -0.00105 -0.02497  0.00049  0.94827  0.21707
 0.94649  0.17403 -0.00197 -0.00382 -0.01605  0.00278  0.97657  0.16200
 0.97042  0.14650  0.01695 -0.00910 -0.00318  0.00367  1.00051  0.13251
# 
 0.95522  0.22847  0.05236 -0.01623  0.01428  0.00444  0.99096  0.21027
 0.96510  0.28766  0.04963 -0.01508  0.01263  0.00374  0.97860  0.27241
 1.00906  0.18378  0.02850 -0.01832  0.00006  0.00012  1.00434  0.17339
 1.01267  0.17075  0.00390 -0.01420 -0.01263 -0.00273  1.00313  0.16961
 1.00415  0.19618 -0.01081 -0.00941 -0.01402 -0.00488  1.00044  0.20557
 1.01395  0.10125 -0.01013 -0.00238 -0.00131 -0.00477  1.01853  0.11843
 1.00797  0.02078  0.00310  0.00392  0.02148 -0.00816  1.01066  0.04330
 0.99773  0.06500  0.01662  0.00827  0.04051 -0.00830  0.98690  0.09050
 0.99054  0.10026  0.01615  0.01326  0.04477 -0.00725  0.95626  0.12124
 0.99712  0.10064 -0.00072  0.01704  0.02904 -0.00510  0.94339  0.11644
 0.97419  0.14638 -0.02723  0.01890 -0.00069 -0.00060  0.92356  0.15370
 0.93564  0.24456 -0.05099  0.01308 -0.03067  0.00033  0.90774  0.23992
 0.89708  0.28629 -0.05440  0.00543 -0.04566 -0.00082  0.89999  0.27636
 0.87274  0.34095 -0.03643 -0.00231 -0.04216 -0.00154  0.90742  0.33076
 0.89616  0.30189 -0.00162 -0.00601 -0.02238  0.00298  0.94922  0.28899
 0.92861  0.26617  0.03224 -0.01139  0.00090  0.00440  0.98181  0.24828
# 
 0.88051  0.41885  0.08605 -0.01681  0.03197  0.00820  0.92997  0.39560
 0.90710  0.45166  0.07902 -0.01584  0.02559  0.00702  0.91871  0.42951
 0.98222  0.35019  0.04072 -0.02289  0.00111  0.00071  0.96248  0.33625
 0.97721  0.34380 -0.00232 -0.01823 -0.02494 -0.00620  0.95505  0.34107
 0.96812  0.31935 -0.02743 -0.01241 -0.03127 -0.00673  0.96100  0.33094
 0.98679  0.22457 -0.02175 -0.00187 -0.00971 -0.00551  0.99885  0.24936
 0.99128  0.12451  0.00538  0.00532  0.02954 -0.01166  1.01042  0.15404
 0.97410  0.18579  0.03170  0.01026  0.06481 -0.01326  0.96755  0.21870
 0.96125  0.22547  0.03496  0.01618  0.07401 -0.01223  0.91645  0.25616
 0.97956  0.23600  0.00821  0.02105  0.04934 -0.00783  0.89977  0.25972
 0.94536  0.30623 -0.03833  0.02511 -0.00070 -0.00125  0.86449  0.31362
 0.88062  0.40463 -0.08010  0.01719 -0.05048 -0.00114  0.83314  0.39532
 0.82003  0.44199 -0.08744  0.00595 -0.07543 -0.00277  0.82487  0.42721
 0.77583  0.49736 -0.05936 -0.00545 -0.06590 -0.00524  0.83502  0.48774
 0.79965  0.46827 -0.00203 -0.00761 -0.03097  0.00248  0.88626  0.45546
 0.84744  0.44029  0.05464 -0.01324  0.00971  0.00650  0.93089  0.42009
# 
 0.71241  0.65341  0.13548 -0.01670  0.06013  0.01308  0.78508  0.62705
 0.77068  0.67185  0.12133 -0.01659  0.04747  0.01245  0.77511  0.64247
 0.87936  0.59961  0.05696 -0.02621  0.00093  0.00012  0.83597  0.57411
 0.85832  0.58340 -0.01473 -0.02327 -0.04593 -0.00960  0.81490  0.57759
 0.86328  0.51297 -0.05577 -0.01496 -0.06001 -0.00962  0.85246  0.52908
 0.89246  0.42848 -0.04285 -0.00124 -0.02422 -0.00526  0.92335  0.45909
 0.93094  0.31972  0.00847  0.00633  0.03904 -0.01428  0.97219  0.35328
 0.88358  0.42191  0.05641  0.01286  0.09950 -0.01669  0.88520  0.46300
 0.86361  0.47121  0.06668  0.01756  0.11686 -0.01484  0.80025  0.51064
 0.89724  0.48369  0.02289  0.02539  0.07922 -0.00927  0.77779  0.51256
 0.85070  0.56680 -0.05426  0.03039 -0.00106 -0.00027  0.72320  0.57135
 0.75347  0.63881 -0.12132  0.02190 -0.08188 -0.00136  0.67474  0.62587
 0.62326  0.70092 -0.13774 -0.00027 -0.11757 -0.01233  0.63336  0.68200
 0.55110  0.74031 -0.09292 -0.01613 -0.10091 -0.01632  0.64715  0.73555
 0.61178  0.69786 -0.00190 -0.00911 -0.04181  0.00069  0.75087  0.69049
 0.67612  0.66888  0.08982 -0.01359  0.02698  0.00882  0.80498  0.65093
# 
 0.33092  0.92837  0.19556 -0.00775  0.10098  0.02307  0.42651  0.90220
 0.44778  0.92634  0.17108 -0.01029  0.07630  0.02115  0.43294  0.88773
 0.58939  0.87489  0.07394 -0.02372  0.00288 -0.00124  0.51131  0.83957
 0.54459  0.86245 -0.03333 -0.02733 -0.07306 -0.02026  0.47012  0.85115
 0.56229  0.78769 -0.09595 -0.01847 -0.09857 -0.01254  0.54834  0.80478
 0.59124  0.74433 -0.06951 -0.00421 -0.04638 -0.00458  0.64705  0.78051
 0.71115  0.63833  0.01202  0.00731  0.05136 -0.01635  0.78845  0.67279
 0.62185  0.74608  0.09050  0.01216  0.14113 -0.02282  0.64255  0.79106
 0.58703  0.81050  0.10821  0.01783  0.17030 -0.01681  0.50355  0.85416
 0.68312  0.79510  0.04689  0.02448  0.11693 -0.01188  0.50941  0.83210
 0.57587  0.89041 -0.07200  0.03170 -0.00030  0.00030  0.38815  0.88365
 0.44199  0.93377 -0.17328  0.01858 -0.12006 -0.00746  0.32447  0.90778
 0.22889  0.97606 -0.19851 -0.01175 -0.17018 -0.02738  0.24278  0.95343
 0.11581  0.97195 -0.13327 -0.03193 -0.13963 -0.03357  0.25599  0.98343
 0.19914  0.93502 -0.00097 -0.01296 -0.05106 -0.00499  0.40345  0.94975
 0.28997  0.93896  0.13273 -0.00736  0.05134  0.01205  0.47541  0.92537
# 
-0.27457  0.97637  0.21616  0.01579  0.12351  0.03121 -0.18246  0.96309
-0.08056  0.97053  0.18292  0.00225  0.09200  0.02729 -0.11772  0.93615
 0.05981  0.94245  0.07251 -0.01156  0.00258  0.00071 -0.05270  0.90535
 0.01133  0.91868 -0.05011 -0.02568 -0.08462 -0.02719 -0.08569  0.90515
 0.01473  0.92127 -0.11915 -0.01687 -0.12031 -0.01668 -0.00174  0.93899
 0.05030  0.89145 -0.08472 -0.00804 -0.06305 -0.00405  0.12429  0.91810
 0.27108  0.85066  0.01057  0.00590  0.04921 -0.01322  0.37651  0.86620
 0.11295  0.95174  0.10748  0.01150  0.15345 -0.01442  0.14939  0.98694
 0.07170  1.02827  0.13251  0.01157  0.18989 -0.00957 -0.01253  1.06269
 0.24076  0.98809  0.06381  0.01177  0.13007 -0.01245  0.05109  1.03045
 0.14159  0.99895 -0.06846  0.02406 -0.00313  0.00265 -0.07171  0.98740
-0.06741  1.03913 -0.18675  0.01118 -0.13351 -0.01443 -0.19715  1.00738
-0.37825  1.01894 -0.21747 -0.03454 -0.18521 -0.04684 -0.35959  0.99920
-0.47930  0.92637 -0.14380 -0.05199 -0.14738 -0.05024 -0.32332  0.95803
-0.33759  0.90840  0.00061 -0.01097 -0.04444 -0.00937 -0.11164  0.94952
-0.26755  0.97111  0.14802  0.00707  0.07062  0.01112 -0.06117  0.98077
# 
-0.74179  0.77686  0.18744  0.03682  0.11646  0.03713 -0.66950  0.78251
-0.51153  0.79966  0.15400  0.01590  0.08495  0.02892 -0.56431  0.77776
-0.37214  0.76258  0.05489  0.00155  0.00448  0.00057 -0.49292  0.73072
-0.45178  0.76418 -0.05630 -0.01645 -0.07551 -0.02961 -0.55168  0.75045
-0.49501  0.83980 -0.11586 -0.01874 -0.11480 -0.02081 -0.51014  0.84944
-0.39818  0.83017 -0.08098 -0.01004 -0.06326  0.00205 -0.32108  0.84321
-0.15430  0.87261  0.01022  0.00327  0.03705 -0.00282 -0.04332  0.86527
-0.31615  0.94954  0.09937  0.00744  0.13009 -0.01012 -0.26575  0.96057
-0.37859  1.02680  0.12941  0.00320  0.16774 -0.00300 -0.44494  1.04546
-0.19171  0.97214  0.06450 -0.00176  0.11602 -0.00598 -0.36078  1.00355
-0.26694  0.88610 -0.05436  0.01022 -0.00068  0.00213 -0.46097  0.86773
-0.48439  0.90181 -0.16208 -0.00408 -0.11702 -0.02259 -0.60286  0.87347
-0.82898  0.80478 -0.19150 -0.05477 -0.16154 -0.05802 -0.81003  0.78879
-0.85596  0.65670 -0.12227 -0.05798 -0.12095 -0.05325 -0.71981  0.69992
-0.69615  0.65203  0.00144 -0.00496 -0.03161 -0.01442 -0.49788  0.71202
-0.69185  0.76779  0.13240  0.02226  0.06898  0.01260 -0.50989  0.79018
# 
-1.02370  0.48328  0.14152  0.06085  0.09833  0.04418 -0.97960  0.49957
-0.77373  0.56490  0.11228  0.03022  0.06634  0.03077 -0.83254  0.55423
-0.60623  0.51969  0.03417  0.01342  0.00241 -0.00028 -0.72299  0.49240
-0.72551  0.52348 -0.04967 -0.01038 -0.05954 -0.03424 -0.82028  0.51187
-0.82586  0.66773 -0.09887 -0.02439 -0.09768 -0.02700 -0.83563  0.67111
-0.68874  0.67868 -0.06676 -0.01597 -0.05358  0.00128 -0.61429  0.67579
-0.42350  0.78387  0.00852  0.00113  0.02409  0.00262 -0.31868  0.75850
-0.58888  0.85840  0.08034  0.00695  0.09759  0.00039 -0.53574  0.84598
-0.65404  0.95080  0.10943 -0.00214  0.13477  0.00583 -0.70483  0.95569
-0.46752  0.85115  0.05409 -0.01208  0.09286  0.00225 -0.60415  0.86768
-0.51827  0.67282 -0.03780 -0.00362  0.00079  0.00134 -0.68125  0.64545
-0.76204  0.65058 -0.12257 -0.02459 -0.09098 -0.03168 -0.85693  0.61812
-1.08202  0.48499 -0.14636 -0.07362 -0.12350 -0.07016 -1.06838  0.47876
-1.00981  0.35554 -0.09154 -0.05855 -0.08643 -0.05077 -0.89851  0.40268
-0.83152  0.38417  0.00222 -0.00399 -0.01553 -0.01275 -0.67098  0.45376
-0.93085  0.38433  0.09520  0.04231  0.05909  0.01596 -0.79536  0.43775
# 
-1.14992  0.17538  0.08970  0.07327  0.07366  0.04990 -1.12648  0.19975
-0.89807  0.30835  0.06928  0.03940  0.04468  0.03492 -0.95977  0.30804
-0.69517  0.28250  0.01689  0.02042  0.00230  0.00271 -0.80571  0.26462
-0.85501  0.28513 -0.04143 -0.00314 -0.03866 -0.03508 -0.94287  0.28277
-1.03106  0.44897 -0.07804 -0.03059 -0.07424 -0.03709 -1.04108  0.44591
-0.85658  0.48719 -0.04802 -0.02308 -0.04174  0.00175 -0.78600  0.46761
-0.58192  0.63840  0.00429  0.00057  0.01586  0.00807 -0.48672  0.59768
-0.75199  0.73042  0.05967  0.01231  0.06483  0.01211 -0.70078  0.69530
-0.84019  0.84061  0.08806  0.00102  0.10060  0.02325 -0.87564  0.83072
-0.66180  0.67084  0.04222 -0.01558  0.06717  0.01475 -0.76830  0.67581
-0.63110  0.42668 -0.02186 -0.01393  0.00155  0.00192 -0.75823  0.39396
-0.88002  0.38926 -0.07995 -0.03509 -0.06126 -0.03694 -0.95047  0.36277
-1.17998  0.17405 -0.09807 -0.08367 -0.08249 -0.07895 -1.16533  0.17555
-1.02992  0.06911 -0.05761 -0.05677 -0.05103 -0.04421 -0.95000  0.11668
-0.82991  0.09893  0.00265  0.00001 -0.00259 -0.01098 -0.71318  0.17344
-0.97633  0.11740  0.06246  0.04618  0.04703  0.01270 -0.87781  0.17128
# 
-1.22775 -0.11468  0.03882  0.08587  0.04473  0.05688 -1.22966 -0.08108
-0.96639  0.00645  0.02357  0.05064  0.01701  0.03907 -1.03361  0.01672
-0.71901  0.02430 -0.00077  0.02587  0.00262  0.00090 -0.82378  0.01416
-0.93442  0.05052 -0.02930  0.00192 -0.01277 -0.03917 -1.01513  0.05510
-1.20233  0.19157 -0.05351 -0.04427 -0.04842 -0.05242 -1.20986  0.18001
-0.97714  0.26679 -0.02302 -0.03202 -0.02613 -0.00118 -0.91398  0.22944
-0.70791  0.44122  0.00197  0.00090  0.00538  0.01374 -0.62426  0.38636
-0.91657  0.53895  0.03502  0.02704  0.02773  0.03131 -0.86886  0.48899
-1.05375  0.68782  0.07085  0.01693  0.06977  0.05210 -1.07536  0.66029
-0.82569  0.44653  0.02775 -0.01817  0.03900  0.03022 -0.90582  0.43983
-0.68762  0.16231 -0.00659 -0.02360  0.00471  0.00124 -0.78183  0.12637
-0.94718  0.09014 -0.03717 -0.04599 -0.02982 -0.04651 -0.99338  0.06925
-1.22936 -0.15658 -0.04616 -0.09650 -0.03733 -0.08711 -1.21753 -0.15292
-0.98027 -0.22142 -0.02244 -0.05388 -0.01459 -0.03875 -0.93036 -0.17518
-0.75040 -0.15379  0.00340  0.00488  0.00577 -0.00860 -0.67359 -0.07915
-0.93050 -0.22261  0.02307  0.05181  0.03105  0.00825 -0.87169 -0.16234
# 
-1.23368 -0.46837 -0.02137  0.10707  0.00940  0.06925 -1.25930 -0.42856
-0.92302 -0.37617 -0.03539  0.05611 -0.02241  0.04263 -0.99043 -0.35383
-0.63465 -0.31996 -0.01694  0.02819  0.00042  0.00257 -0.72714 -0.32790
-0.92682 -0.30707 -0.00673  0.00539  0.02184 -0.04478 -0.99804 -0.28887
-1.30668 -0.12966 -0.02390 -0.06653 -0.01760 -0.07619 -1.31144 -0.14453
-1.02937 -0.01471  0.00583 -0.04658 -0.00350 -0.00564 -0.97563 -0.07331
-0.78915  0.13499 -0.00156 -0.00251 -0.00652  0.01838 -0.71543  0.07148
-1.05017  0.24250  0.00009  0.04851 -0.01502  0.05454 -1.01248  0.17710
-1.33308  0.30846  0.04328  0.04926  0.02463  0.09409 -1.32832  0.26455
-0.95155  0.12698  0.00395 -0.01420  0.00534  0.05018 -0.99162  0.10686
-0.65527 -0.17830  0.00832 -0.02934  0.00568  0.00015 -0.70253 -0.21984
-0.91939 -0.29960  0.01719 -0.05490  0.01372 -0.05344 -0.93110 -0.31482
-1.17691 -0.55237  0.01220 -0.10847  0.01634 -0.09678 -1.17328 -0.53852
-0.78273 -0.59410  0.02626 -0.05056  0.03009 -0.02189 -0.77214 -0.55418
-0.55020 -0.45576  0.00452  0.00728  0.01579 -0.00305 -0.52459 -0.38808
-0.79123 -0.54861 -0.02187  0.05108  0.00665  0.00074 -0.77797 -0.49594
# 
