# Jones matrix for 1268 MHz, dr=0.05 degrees, dtheta=22.5 degrees
# Array shape (radius,theta,pol): (13, 16, 4)
 0.99813 -0.01271  0.00001  0.00162 -0.00024  0.00051  1.00007 -0.01180
 1.00194  0.00111  0.00007  0.00132  0.00007  0.00046  1.00374  0.00083
 1.00354  0.00053 -0.00002  0.00118 -0.00006  0.00051  1.00528  0.00050
 1.00074 -0.00947  0.00004  0.00070  0.00028  0.00034  1.00180 -0.01036
 1.00160  0.00536 -0.00009  0.00107  0.00062  0.00025  1.00495  0.00450
 0.99886 -0.00277 -0.00008  0.00062  0.00132  0.00040  1.00094 -0.00376
 1.00000 -0.00655 -0.00013  0.00065  0.00127  0.00073  1.00187 -0.00759
 0.99753  0.00143  0.00008  0.00082  0.00154  0.00062  0.99920  0.00101
 0.99840 -0.01868 -0.00043  0.00065  0.00172  0.00064  0.99920 -0.02015
 0.99773 -0.01583  0.00048  0.00086  0.00152  0.00012  0.99719 -0.01692
 0.99913 -0.00250  0.00018  0.00124  0.00158  0.00017  1.00000 -0.00387
 0.99846 -0.00340 -0.00048  0.00101  0.00037 -0.00014  0.99706 -0.00381
 0.99485  0.00886 -0.00035  0.00082  0.00073 -0.00008  0.99586  0.00805
 0.99773 -0.00118 -0.00012  0.00124  0.00021  0.00039  0.99793 -0.00083
 0.99626  0.01777  0.00031  0.00155  0.00024  0.00003  0.99539  0.01865
 1.00501 -0.02363 -0.00058  0.00124 -0.00037  0.00061  1.00247 -0.02348
# 
 0.99730 -0.01646  0.00099  0.00203 -0.00057  0.00084  0.99942 -0.01553
 0.99743  0.03771  0.00035  0.00195 -0.00055  0.00106  0.99894  0.03673
 1.00031 -0.00377  0.00051  0.00142 -0.00030  0.00056  1.00051 -0.00482
 0.99935 -0.02442 -0.00005  0.00054  0.00021  0.00040  0.99969 -0.02602
 0.99846  0.00850  0.00003  0.00043  0.00050 -0.00002  1.00058  0.00824
 1.00072 -0.01692 -0.00047  0.00003  0.00120  0.00023  1.00147 -0.01611
 1.00257 -0.04820 -0.00067  0.00035  0.00184  0.00032  1.00462 -0.04830
 0.99668 -0.01568 -0.00073  0.00091  0.00202  0.00103  0.99880 -0.01578
 0.99736 -0.03385 -0.00021  0.00109  0.00211  0.00107  0.99997 -0.03564
 1.00072  0.00594 -0.00008  0.00116  0.00140  0.00078  1.00086  0.00324
 0.99593 -0.01838  0.00011  0.00088  0.00175  0.00019  0.99593 -0.02118
 0.99675  0.03996 -0.00063  0.00055  0.00089 -0.00023  0.99695  0.03819
 0.99203  0.03270 -0.00009  0.00059  0.00074 -0.00046  0.99292  0.03283
 0.98867  0.06531 -0.00014  0.00099  0.00046 -0.00030  0.98970  0.06638
 0.99018  0.05152  0.00001  0.00177 -0.00014  0.00041  0.99086  0.05285
 1.00140 -0.01615 -0.00014  0.00161 -0.00004  0.00074  1.00024 -0.01521
# 
 0.99736 -0.00034  0.00154  0.00295 -0.00159  0.00196  0.99879  0.00125
 0.99957  0.05362  0.00114  0.00298 -0.00147  0.00136  1.00007  0.05147
 1.00036  0.00595  0.00084  0.00138 -0.00067  0.00056  0.99879  0.00321
 1.00164 -0.02502  0.00025  0.00029 -0.00001 -0.00057  1.00086 -0.02753
 0.99764  0.03892 -0.00008 -0.00049  0.00069 -0.00124  0.99828  0.03832
 0.99828 -0.04451 -0.00074 -0.00051  0.00148 -0.00041  1.00193 -0.04233
 0.99686 -0.07198 -0.00058  0.00023  0.00244  0.00053  1.00157 -0.06947
 0.99836 -0.03543 -0.00053  0.00117  0.00276  0.00140  1.00057 -0.03398
 0.99943 -0.04048 -0.00069  0.00146  0.00304  0.00161  1.00014 -0.04171
 1.00121 -0.03051 -0.00029  0.00106  0.00230  0.00114  0.99957 -0.03494
 0.99750 -0.03679 -0.00018  0.00085  0.00203  0.00015  0.99643 -0.04153
 0.99600  0.04481 -0.00095  0.00006  0.00085 -0.00075  0.99371  0.04110
 0.98835  0.05581  0.00021  0.00025  0.00094 -0.00083  0.98928  0.05512
 0.97285  0.10809  0.00009  0.00041  0.00021 -0.00064  0.97556  0.11090
 0.98964  0.06008  0.00038  0.00122 -0.00033  0.00014  0.99293  0.06465
 0.99828  0.01563 -0.00021  0.00315 -0.00075  0.00115  0.99821  0.01837
# 
 0.99594  0.02703  0.00170  0.00496 -0.00226  0.00251  0.99821  0.02916
 0.99799  0.07134  0.00127  0.00381 -0.00233  0.00186  0.99586  0.06764
 0.99647  0.03229  0.00123  0.00175 -0.00133  0.00055  0.99426  0.02689
 0.99685  0.00458  0.00079 -0.00021 -0.00019 -0.00147  0.99457  0.00047
 0.99571  0.04915  0.00007 -0.00142  0.00081 -0.00145  0.99791  0.04886
 1.00004 -0.05194 -0.00067 -0.00106  0.00163 -0.00105  1.00482 -0.04814
 0.99221 -0.10738 -0.00148 -0.00027  0.00252  0.00059  0.99882 -0.10277
 0.99783 -0.05537 -0.00127  0.00158  0.00303  0.00211  1.00262 -0.05233
 1.00049 -0.05355 -0.00102  0.00235  0.00348  0.00298  1.00072 -0.05482
 0.99913 -0.09408 -0.00083  0.00185  0.00310  0.00153  0.99252 -0.10059
 0.99677 -0.03900 -0.00069  0.00044  0.00260 -0.00022  0.99100 -0.04795
 0.99639  0.02769 -0.00050 -0.00067  0.00149 -0.00079  0.99442  0.02087
 0.98659  0.08816  0.00057 -0.00069  0.00115 -0.00173  0.98727  0.08695
 0.97466  0.09086  0.00045 -0.00040 -0.00010 -0.00125  0.97793  0.09478
 0.98644  0.07567  0.00018  0.00163 -0.00081 -0.00018  0.99214  0.08299
 0.99837  0.02690 -0.00008  0.00379 -0.00148  0.00174  1.00110  0.03115
# 
 0.99691  0.05353  0.00193  0.00645 -0.00355  0.00404  0.99700  0.05504
 0.99700  0.09702  0.00151  0.00546 -0.00287  0.00301  0.99404  0.09093
 0.99519  0.06014  0.00140  0.00222 -0.00184  0.00079  0.98893  0.05257
 0.99617  0.04632  0.00110 -0.00096 -0.00037 -0.00213  0.99132  0.04054
 0.99930  0.04350  0.00030 -0.00325  0.00109 -0.00329  0.99848  0.04317
 0.99379 -0.05212 -0.00076 -0.00236  0.00162 -0.00213  1.00095 -0.04442
 0.98573 -0.12102 -0.00159 -0.00017  0.00293  0.00085  0.99840 -0.11275
 0.99338 -0.08013 -0.00126  0.00209  0.00428  0.00241  1.00202 -0.07489
 0.99831 -0.06907 -0.00091  0.00338  0.00407  0.00406  1.00012 -0.07127
 0.99667 -0.11687 -0.00055  0.00231  0.00390  0.00224  0.98869 -0.12642
 0.99552 -0.04265 -0.00066  0.00108  0.00291  0.00011  0.98581 -0.05605
 0.99691  0.02757 -0.00043 -0.00147  0.00173 -0.00242  0.98984  0.01789
 0.98392  0.10393  0.00029 -0.00201  0.00144 -0.00321  0.98276  0.10296
 0.97717  0.07360  0.00051 -0.00053  0.00045 -0.00219  0.98466  0.08053
 0.97955  0.09153  0.00032  0.00153 -0.00090 -0.00013  0.98745  0.10246
 0.99733  0.03783  0.00003  0.00526 -0.00183  0.00274  1.00374  0.04649
# 
 0.99363  0.06846  0.00161  0.00883 -0.00386  0.00553  0.99645  0.07078
 0.99518  0.10600  0.00138  0.00682 -0.00354  0.00405  0.99017  0.09598
 0.99973  0.09058  0.00177  0.00258 -0.00246  0.00049  0.98871  0.06758
 0.99490  0.07464  0.00127 -0.00217 -0.00053 -0.00361  0.98762  0.06576
 0.99800  0.03794  0.00027 -0.00535  0.00075 -0.00512  0.99763  0.03867
 0.99108 -0.05711 -0.00113 -0.00431  0.00204 -0.00333  1.00218 -0.04642
 0.98252 -0.14189 -0.00192 -0.00006  0.00345  0.00072  0.99927 -0.12892
 0.99299 -0.04900 -0.00109  0.00314  0.00491  0.00435  1.00373 -0.03982
 0.99672 -0.05541 -0.00138  0.00503  0.00495  0.00604  0.99982 -0.05780
 0.99417 -0.10562 -0.00038  0.00350  0.00489  0.00429  0.98371 -0.11896
 0.99509 -0.02717 -0.00065  0.00034  0.00333  0.00035  0.98207 -0.04726
 0.99600  0.02463 -0.00100 -0.00201  0.00234 -0.00381  0.98298  0.00976
 0.98025  0.12501  0.00057 -0.00388  0.00165 -0.00480  0.98052  0.12280
 0.97078  0.11486  0.00101 -0.00224  0.00058 -0.00398  0.98034  0.12460
 0.97825  0.09416  0.00036  0.00236 -0.00142 -0.00012  0.99290  0.11098
 0.99481  0.04676  0.00044  0.00656 -0.00177  0.00370  1.00410  0.05894
# 
 0.99218  0.08617  0.00209  0.01216 -0.00481  0.00816  0.99506  0.08911
 0.99772  0.11722  0.00203  0.00962 -0.00469  0.00613  0.98717  0.10248
 0.99978  0.12256  0.00204  0.00337 -0.00298  0.00001  0.98487  0.09534
 0.99136  0.12542  0.00163 -0.00353 -0.00035 -0.00527  0.98071  0.11122
 0.99721  0.03129  0.00045 -0.00731  0.00081 -0.00768  0.99623  0.03157
 0.99174 -0.02331 -0.00150 -0.00653  0.00257 -0.00493  1.00812 -0.00671
 0.98408 -0.12200 -0.00228 -0.00073  0.00444  0.00056  1.00690 -0.10267
 0.99414 -0.05472 -0.00146  0.00457  0.00553  0.00619  1.00967 -0.04099
 0.99461 -0.06787 -0.00143  0.00693  0.00588  0.00874  0.99648 -0.07069
 0.99455 -0.13541 -0.00036  0.00507  0.00490  0.00616  0.97692 -0.15200
 0.99960  0.01642 -0.00100  0.00050  0.00355 -0.00018  0.97920 -0.01122
 0.99256  0.01558 -0.00050 -0.00392  0.00243 -0.00644  0.97582 -0.00477
 0.97675  0.12230  0.00072 -0.00639  0.00171 -0.00763  0.97653  0.11886
 0.96850  0.14356  0.00096 -0.00447  0.00059 -0.00575  0.98312  0.15913
 0.96339  0.14437  0.00027  0.00237 -0.00116 -0.00071  0.98218  0.16915
 0.99424  0.08554 -0.00095  0.00926 -0.00271  0.00503  1.00779  0.10381
# 
 0.98503  0.11845  0.00207  0.01664 -0.00565  0.01260  0.98837  0.12214
 1.00379  0.12741  0.00247  0.01279 -0.00544  0.00867  0.98939  0.10708
 1.00295  0.15891  0.00286  0.00404 -0.00352  0.00059  0.98160  0.12691
 0.99426  0.13853  0.00279 -0.00580 -0.00034 -0.00776  0.97847  0.11679
 0.99265  0.04128 -0.00022 -0.01080  0.00068 -0.01132  0.99338  0.04272
 0.99124  0.00908 -0.00143 -0.00974  0.00279 -0.00753  1.01066  0.03295
 0.98681 -0.13202 -0.00301 -0.00119  0.00415  0.00056  1.02035 -0.10389
 0.99186 -0.05188 -0.00147  0.00673  0.00700  0.00853  1.01461 -0.03283
 0.99371 -0.07451 -0.00056  0.01000  0.00671  0.01208  0.99449 -0.07765
 0.99752 -0.14659  0.00009  0.00699  0.00645  0.00895  0.97307 -0.16958
 1.01416 -0.04107 -0.00076  0.00074  0.00339  0.00034  0.98047 -0.07467
 0.99966  0.02216  0.00001 -0.00608  0.00296 -0.00875  0.97399 -0.00623
 0.96769  0.15527  0.00176 -0.00998  0.00301 -0.01128  0.96709  0.15101
 0.95166  0.21051  0.00265 -0.00655  0.00153 -0.00711  0.97079  0.23470
 0.93218  0.20722 -0.00020  0.00298 -0.00077 -0.00068  0.95630  0.24400
 0.98662  0.09969 -0.00059  0.01262 -0.00293  0.00723  1.00988  0.12495
# 
 0.98078  0.13875  0.00164  0.02367 -0.00684  0.01651  0.98513  0.14244
 1.00807  0.14662  0.00256  0.01697 -0.00664  0.01265  0.98704  0.11686
 1.01019  0.18892  0.00359  0.00450 -0.00448 -0.00009  0.98025  0.14281
 0.99463  0.19026  0.00266 -0.00851 -0.00063 -0.01177  0.97363  0.15818
 0.98730  0.06072  0.00014 -0.01670  0.00113 -0.01612  0.98752  0.06266
 0.98394  0.02422 -0.00124 -0.01386  0.00308 -0.01087  1.01273  0.05824
 0.99134 -0.10863 -0.00274 -0.00122  0.00523  0.00084  1.03820 -0.06847
 0.99302 -0.07576 -0.00156  0.01029  0.00843  0.01170  1.02618 -0.04746
 0.99110 -0.09817 -0.00038  0.01521  0.00909  0.01724  0.99142 -0.10223
 1.00617 -0.14027  0.00109  0.00997  0.00806  0.01325  0.97205 -0.17196
 1.02735  0.01468 -0.00106  0.00051  0.00475 -0.00051  0.98135 -0.03588
 1.00887  0.02520 -0.00047 -0.00935  0.00381 -0.01295  0.97536 -0.01139
 0.95539  0.19303  0.00399 -0.01495  0.00482 -0.01616  0.95416  0.18814
 0.94200  0.23825  0.00305 -0.00949  0.00183 -0.01008  0.96782  0.27298
 0.91594  0.24755  0.00038  0.00335 -0.00139 -0.00133  0.94670  0.30112
 0.98493  0.11598 -0.00127  0.01694 -0.00363  0.00991  1.01404  0.15320
# 
 0.97353  0.18568 -0.00071  0.03241 -0.00900  0.02429  0.97943  0.19175
 1.00982  0.18263  0.00261  0.02294 -0.00854  0.01825  0.98009  0.13680
 1.02539  0.22120  0.00462  0.00644 -0.00448 -0.00113  0.98253  0.15400
 0.99091  0.22514  0.00472 -0.01229 -0.00089 -0.01812  0.96047  0.17814
 0.97725  0.10664  0.00099 -0.02325  0.00156 -0.02373  0.97780  0.10866
 0.98352  0.03438 -0.00136 -0.02032  0.00431 -0.01459  1.02262  0.08271
 0.99308 -0.09725 -0.00319 -0.00237  0.00634  0.00078  1.05669 -0.03822
 0.99115 -0.08214 -0.00203  0.01487  0.01099  0.01649  1.03859 -0.04197
 0.98295 -0.12875  0.00241  0.02075  0.01315  0.02513  0.98571 -0.13173
 1.01442 -0.13816  0.00244  0.01434  0.01002  0.01831  0.96056 -0.17974
 1.04485  0.05946 -0.00061  0.00058  0.00450 -0.00115  0.98074 -0.01124
 1.00863  0.09087  0.00085 -0.01312  0.00596 -0.01804  0.96273  0.03633
 0.92820  0.25828  0.00696 -0.02153  0.00769 -0.02319  0.93163  0.25193
 0.91622  0.28646  0.00536 -0.01455  0.00376 -0.01515  0.94980  0.33744
 0.94419  0.21210 -0.00076  0.00262 -0.00160 -0.00177  0.99585  0.28366
 0.93067  0.24353 -0.00543  0.02241 -0.00658  0.01450  0.96262  0.30203
# 
 0.95193  0.23142 -0.00210  0.04712 -0.01067  0.03512  0.95833  0.23981
 1.02433  0.23030  0.00331  0.03248 -0.01127  0.02774  0.97956  0.16042
 1.06358  0.25121  0.00569  0.00855 -0.00683 -0.00048  0.99618  0.15110
 1.00043  0.28327  0.00591 -0.01860  0.00067 -0.02724  0.95640  0.20919
 0.97050  0.13302  0.00094 -0.03654  0.00109 -0.03525  0.97016  0.13422
 0.98161  0.07086 -0.00138 -0.03002  0.00411 -0.02152  1.03608  0.14351
 1.00926 -0.09253 -0.00448 -0.00361  0.00976  0.00166  1.10645 -0.00336
 0.99502 -0.08256  0.00013  0.02245  0.01535  0.02484  1.06568 -0.02216
 0.97102 -0.15463  0.00860  0.02984  0.01942  0.03542  0.97449 -0.15917
 1.04018 -0.11317  0.00520  0.01849  0.01365  0.02860  0.95972 -0.17132
 1.07427  0.13175  0.00021  0.00143  0.00640  0.00048  0.98349  0.03014
 1.03148  0.13528  0.00068 -0.02027  0.00605 -0.02800  0.95969  0.05747
 0.89719  0.32883  0.00983 -0.03217  0.01134 -0.03433  0.89573  0.32042
 0.89912  0.33130  0.00906 -0.02307  0.00604 -0.02101  0.94708  0.41228
 0.93632  0.26009 -0.00143  0.00311 -0.00180 -0.00305  1.00887  0.37115
 0.94166  0.23655 -0.00744  0.03325 -0.00774  0.02169  0.99323  0.32059
# 
 0.91621  0.27340 -0.00470  0.07185 -0.01197  0.05790  0.92481  0.28521
 1.02991  0.32035  0.00329  0.05023 -0.01511  0.04348  0.96091  0.20858
 1.10545  0.34236  0.00609  0.01049 -0.00782 -0.00060  1.00281  0.18010
 1.02269  0.32233  0.00669 -0.02803 -0.00001 -0.04221  0.95010  0.20840
 0.93043  0.21319  0.00269 -0.05700  0.00276 -0.05598  0.92992  0.21664
 0.96893  0.10158  0.00071 -0.04955  0.00493 -0.03320  1.05680  0.21866
 1.01954 -0.05415 -0.00545 -0.00495  0.01395  0.00184  1.16604  0.08833
 0.98728 -0.03424  0.00178  0.03633  0.02192  0.03733  1.09841  0.06351
 0.94632 -0.11070  0.01959  0.04589  0.03145  0.05466  0.94948 -0.11668
 1.07055 -0.03626  0.01104  0.02945  0.02030  0.04609  0.94654 -0.12245
 1.14493  0.22346  0.00094  0.00055  0.00815  0.00007  0.99624  0.07378
 1.03920  0.26082  0.00191 -0.03150  0.01001 -0.04696  0.93446  0.13515
 0.83244  0.42594  0.01449 -0.05088  0.01653 -0.05591  0.83262  0.41179
 0.84688  0.39093  0.01375 -0.03987  0.01043 -0.03323  0.92122  0.52016
 0.91759  0.31988 -0.00214  0.00452 -0.00004 -0.00074  1.02541  0.49273
 0.84876  0.35723 -0.02043  0.04821 -0.01270  0.03050  0.91418  0.49277
# 
 0.79899  0.37781 -0.01156  0.12861 -0.01319  0.10554  0.81078  0.39988
 1.00393  0.51062  0.00177  0.08545 -0.02244  0.08152  0.88149  0.30438
 1.12600  0.61710  0.00990  0.01704 -0.01109  0.00107  0.96742  0.31545
 0.98515  0.51082  0.01069 -0.05052  0.00618 -0.07987  0.86458  0.29996
 0.83512  0.30520  0.00494 -0.10441  0.00253 -0.10442  0.83406  0.31408
 0.91063  0.17821  0.00152 -0.08893  0.01025 -0.05634  1.05791  0.38729
 1.03819  0.01551 -0.00743 -0.00849  0.02173  0.00386  1.29500  0.27511
 0.93560  0.09576  0.00673  0.06956  0.03044  0.06536  1.12918  0.28128
 0.89004  0.09169  0.03630  0.08900  0.05052  0.11104  0.88879  0.08219
 1.14197  0.14582  0.02441  0.05079  0.03102  0.08356  0.91251 -0.00252
 1.25418  0.46564  0.00456 -0.00003  0.01142  0.00012  0.99226  0.19508
 1.04056  0.49861  0.00284 -0.05560  0.01266 -0.08264  0.85328  0.27013
 0.65639  0.59163  0.02918 -0.09283  0.03101 -0.10099  0.65764  0.56981
 0.71087  0.51633  0.03036 -0.07297  0.02295 -0.05437  0.83206  0.75693
 0.89116  0.41777 -0.00303  0.00596  0.00022 -0.00386  1.08313  0.72953
 0.79849  0.39785 -0.03728  0.08862 -0.01638  0.05619  0.92798  0.63542
# 
