# Jones matrix for 1908 MHz, dr=0.05 degrees, dtheta=22.5 degrees
# Array shape (radius,theta,pol): (13, 16, 4)
 1.00103 -0.01719  0.00227  0.00283 -0.00032 -0.00257  1.00096 -0.01081
 1.00440  0.00227  0.00211  0.00382 -0.00092 -0.00137  1.00432  0.00678
 1.00524 -0.00251  0.00179  0.00409 -0.00092 -0.00008  1.00555  0.00108
 1.00386 -0.01040  0.00127  0.00335 -0.00141  0.00110  1.00310 -0.00890
 1.00356  0.00896  0.00062  0.00297 -0.00167  0.00263  1.00463  0.00809
 1.00165  0.00011  0.00071  0.00127 -0.00135  0.00338  1.00050 -0.00204
 1.00119 -0.00130  0.00022 -0.00043 -0.00069  0.00376  0.99989 -0.00479
 0.99958  0.00153  0.00043 -0.00200 -0.00036  0.00371  0.99966 -0.00306
 0.99790 -0.01066  0.00032 -0.00345  0.00035  0.00310  0.99820 -0.01581
 0.99606 -0.01411  0.00010 -0.00443  0.00006  0.00179  0.99583 -0.01895
 0.99736 -0.00125 -0.00016 -0.00474  0.00011  0.00048  0.99820 -0.00444
 0.99621 -0.00441 -0.00032 -0.00452 -0.00037 -0.00118  0.99598 -0.00570
 0.99422  0.00728 -0.00016 -0.00345 -0.00028 -0.00225  0.99491  0.00845
 0.99705 -0.00071  0.00046 -0.00202 -0.00034 -0.00293  0.99560  0.00338
 0.99690  0.00488  0.00106 -0.00045 -0.00009 -0.00329  0.99315  0.01039
 1.00325 -0.02043  0.00214  0.00158 -0.00006 -0.00305  1.00019 -0.01537
# 
 1.00293 -0.01546  0.00489  0.00618  0.00065 -0.00508  1.00221 -0.00418
 1.00189  0.05196  0.00371  0.00848  0.00017 -0.00257  1.00221  0.06012
 1.00398 -0.00268  0.00302  0.00879 -0.00174 -0.00014  1.00430  0.00177
 1.00671 -0.01103  0.00107  0.00796 -0.00312  0.00266  1.00591 -0.00948
 1.00446  0.02402 -0.00011  0.00614 -0.00372  0.00504  1.00277  0.02287
 1.00534  0.00382 -0.00014  0.00307 -0.00279  0.00691  1.00108  0.00007
 1.00502 -0.02536  0.00029 -0.00046 -0.00066  0.00782  1.00133 -0.03201
 0.99859 -0.01460  0.00085 -0.00383  0.00100  0.00743  0.99763 -0.02394
 0.99683 -0.01232  0.00085 -0.00691  0.00179  0.00603  0.99972 -0.02380
 0.99474  0.01909  0.00036 -0.00895  0.00147  0.00353  0.99867  0.00836
 0.99096 -0.00529 -0.00113 -0.00969  0.00070  0.00019  0.99538 -0.01425
 0.98935  0.05192 -0.00164 -0.00919 -0.00042 -0.00263  0.99393  0.04822
 0.98839  0.03894 -0.00184 -0.00687 -0.00079 -0.00490  0.99024  0.04124
 0.98903  0.07646 -0.00060 -0.00384 -0.00020 -0.00651  0.98558  0.08377
 0.99474  0.04871  0.00118 -0.00001  0.00079 -0.00690  0.98911  0.05973
 1.00269  0.00034  0.00349  0.00318  0.00174 -0.00686  0.99867  0.01295
# 
 1.00419  0.01675  0.00818  0.00985  0.00329 -0.00728  1.00183  0.03460
 1.00192  0.08518  0.00613  0.01336  0.00139 -0.00370  1.00279  0.09621
 1.00533  0.01642  0.00408  0.01414 -0.00231  0.00013  1.00742  0.02163
 1.00664  0.00086  0.00039  0.01298 -0.00538  0.00399  1.00742  0.00151
 1.00646  0.06504 -0.00261  0.00956 -0.00721  0.00682  1.00262  0.06256
 1.00803 -0.00098 -0.00169  0.00522 -0.00476  0.01039  1.00192 -0.00573
 1.00480 -0.03689 -0.00008 -0.00023 -0.00028  0.01188  0.99843 -0.04463
 1.00087 -0.01972  0.00185 -0.00587  0.00286  0.01143  0.99668 -0.03251
 0.99502 -0.00236  0.00217 -0.01021  0.00459  0.00938  0.99694 -0.01978
 0.99066  0.01291  0.00035 -0.01340  0.00372  0.00539  0.99834 -0.00635
 0.98481 -0.00323 -0.00248 -0.01459  0.00136  0.00052  0.99494 -0.01949
 0.98079  0.08434 -0.00401 -0.01352 -0.00130 -0.00453  0.98909  0.07708
 0.98036  0.07227 -0.00459 -0.01056 -0.00217 -0.00863  0.98263  0.07550
 0.97372  0.14130 -0.00191 -0.00589  0.00017 -0.01081  0.96778  0.15375
 0.99109  0.08221  0.00087 -0.00022  0.00136 -0.01133  0.98140  0.10172
 1.00375  0.04752  0.00554  0.00556  0.00369 -0.00968  0.99555  0.06818
# 
 1.00168  0.07191  0.01257  0.01501  0.00692 -0.00930  0.99734  0.09613
 0.99448  0.13600  0.00900  0.01922  0.00369 -0.00427  0.99606  0.14989
 1.00138  0.06818  0.00433  0.01984 -0.00301 -0.00006  1.00917  0.07213
 1.00266  0.06439 -0.00225  0.01774 -0.00906  0.00457  1.00542  0.06322
 1.00473  0.10434 -0.00642  0.01263 -0.01205  0.00870  1.00168  0.10077
 1.01558  0.01382 -0.00441  0.00723 -0.00797  0.01392  1.00473  0.00962
 1.00907 -0.05231 -0.00042 -0.00038 -0.00013  0.01610  0.99556 -0.05969
 1.00306 -0.01083  0.00340 -0.00853  0.00595  0.01608  0.99675 -0.02625
 0.99428  0.00759  0.00464 -0.01459  0.00894  0.01342  0.99773 -0.01671
 0.98817 -0.01355  0.00106 -0.01864  0.00725  0.00754  0.99763 -0.04268
 0.97967  0.02909 -0.00369 -0.01970  0.00164  0.00047  0.99556  0.00281
 0.97422  0.09518 -0.00694 -0.01870 -0.00310 -0.00655  0.99024  0.08284
 0.96950  0.12582 -0.00819 -0.01486 -0.00444 -0.01266  0.97310  0.13015
 0.97052  0.16871 -0.00465 -0.00882 -0.00158 -0.01549  0.95909  0.18680
 0.98797  0.12955  0.00155  0.00011  0.00270 -0.01523  0.97123  0.15813
 1.00463  0.08495  0.00831  0.00778  0.00718 -0.01287  0.99063  0.11543
# 
 0.99235  0.14132  0.01786  0.02075  0.01317 -0.01087  0.98318  0.17303
 0.98284  0.19461  0.01254  0.02679  0.00747 -0.00499  0.98870  0.21041
 0.99461  0.13020  0.00474  0.02624 -0.00393 -0.00017  1.00691  0.13373
 0.99327  0.14218 -0.00618  0.02327 -0.01433  0.00470  1.00064  0.13685
 1.00087  0.13453 -0.01122  0.01661 -0.01829  0.01029  0.99446  0.12906
 1.01501  0.04638 -0.00792  0.00975 -0.01251  0.01777  0.99706  0.04414
 1.01299 -0.03892 -0.00049 -0.00049  0.00065  0.02123  0.99381 -0.04386
 1.00378  0.00684  0.00669 -0.01102  0.00993  0.02137  0.99298 -0.00983
 0.98833  0.02857  0.00896 -0.01952  0.01541  0.01797  0.99345 -0.00344
 0.98343  0.01466  0.00322 -0.02472  0.01143  0.01062  0.99986 -0.02770
 0.97022  0.07572 -0.00475 -0.02595  0.00231  0.00117  0.99492  0.03698
 0.96289  0.14108 -0.01162 -0.02455 -0.00596 -0.00970  0.98419  0.12119
 0.95820  0.17109 -0.01332 -0.02021 -0.00837 -0.01815  0.96143  0.17668
 0.96342  0.20202 -0.00789 -0.01166 -0.00307 -0.02148  0.94705  0.22862
 0.97872  0.17943  0.00194 -0.00014  0.00473 -0.02033  0.95040  0.22002
 0.99907  0.13562  0.01241  0.01149  0.01185 -0.01683  0.97896  0.17820
# 
 0.97532  0.20514  0.02570  0.02894  0.02153 -0.01167  0.96550  0.24603
 0.96652  0.25453  0.01862  0.03557  0.01347 -0.00441  0.97938  0.27188
 0.98057  0.22017  0.00449  0.03415 -0.00426 -0.00079  1.00382  0.21243
 0.97489  0.22971 -0.01200  0.02940 -0.02115  0.00401  0.98994  0.22035
 0.99526  0.17538 -0.01895  0.02181 -0.02767  0.01250  0.98684  0.16845
 1.01804  0.08963 -0.01377  0.01228 -0.01905  0.02282  0.99080  0.09119
 1.02451 -0.01067 -0.00069 -0.00055  0.00128  0.02736  0.99230 -0.00989
 1.00703  0.07965  0.01225 -0.01413  0.01577  0.02822  0.98769  0.06135
 0.98131  0.09707  0.01637 -0.02572  0.02349  0.02378  0.98935  0.05536
 0.97423  0.09292  0.00789 -0.03186  0.01792  0.01437  1.00250  0.03344
 0.95717  0.16221 -0.00502 -0.03288  0.00359  0.00132  0.99843  0.10669
 0.94580  0.19621 -0.01809 -0.03070 -0.01078 -0.01389  0.97449  0.16533
 0.93383  0.25433 -0.02098 -0.02684 -0.01298 -0.02471  0.93914  0.26005
 0.94050  0.29107 -0.01281 -0.01624 -0.00539 -0.02886  0.91294  0.32702
 0.97177  0.24342  0.00118  0.00040  0.00705 -0.02596  0.92951  0.30010
 0.99472  0.19089  0.01806  0.01649  0.01868 -0.02026  0.96259  0.24983
# 
 0.94402  0.29511  0.03751  0.04051  0.03425 -0.01171  0.92942  0.34734
 0.93777  0.34102  0.02681  0.04765  0.02143 -0.00344  0.95893  0.35838
 0.95277  0.32799  0.00352  0.04460 -0.00465 -0.00063  0.99325  0.31345
 0.94158  0.35194 -0.02206  0.03621 -0.03134  0.00190  0.96881  0.33563
 0.97981  0.25005 -0.03094  0.02782 -0.04117  0.01403  0.96905  0.24063
 1.01129  0.20699 -0.02206  0.01461 -0.02941  0.02632  0.97112  0.21271
 1.03897  0.07393 -0.00047 -0.00107  0.00112  0.03535  0.98970  0.08522
 1.00735  0.16072  0.02051 -0.01783  0.02486  0.03720  0.97759  0.14444
 0.96755  0.18326  0.02702 -0.03324  0.03595  0.03205  0.97572  0.12754
 0.96800  0.16364  0.01273 -0.04112  0.02753  0.01978  1.00510  0.07787
 0.93205  0.29303 -0.00515 -0.04264  0.00438  0.00194  0.99364  0.21772
 0.91507  0.28527 -0.02601 -0.04029 -0.01682 -0.01950  0.96244  0.24057
 0.89431  0.33764 -0.03305 -0.03641 -0.02212 -0.03458  0.89942  0.34503
 0.90435  0.39328 -0.01973 -0.02363 -0.00890 -0.03876  0.85975  0.44339
 0.93935  0.35934  0.00134  0.00020  0.01180 -0.03190  0.87189  0.43338
 0.97658  0.28894  0.02592  0.02210  0.03051 -0.02420  0.92671  0.37040
# 
 0.85650  0.43948  0.05333  0.06024  0.05501 -0.00825  0.83371  0.50914
 0.87081  0.47180  0.03871  0.06598  0.03445  0.00000  0.90957  0.48698
 0.88206  0.50166  0.00178  0.05801 -0.00542 -0.00151  0.94933  0.48110
 0.87128  0.49409 -0.03655  0.04437 -0.04645 -0.00176  0.91770  0.46333
 0.92412  0.38185 -0.04889  0.03480 -0.06292  0.01429  0.91131  0.36938
 0.97708  0.35483 -0.03634  0.01655 -0.04517  0.03159  0.91107  0.37139
 1.05246  0.17592  0.00016 -0.00094  0.00218  0.04653  0.97756  0.20990
 0.98376  0.30248  0.03439 -0.02333  0.03792  0.04920  0.93748  0.29123
 0.92200  0.33817  0.04490 -0.04344  0.05558  0.04469  0.93228  0.26365
 0.94154  0.30562  0.02266 -0.05518  0.04298  0.02766  0.99886  0.18232
 0.90299  0.41158 -0.00716 -0.05369  0.00438  0.00316  0.99335  0.30131
 0.85449  0.43864 -0.04073 -0.05192 -0.02832 -0.02816  0.92404  0.37073
 0.79292  0.49860 -0.04907 -0.05121 -0.03522 -0.05087  0.79788  0.50789
 0.80649  0.55410 -0.02908 -0.03607 -0.01281 -0.05315  0.73385  0.62127
 0.86875  0.50642  0.00084  0.00131  0.01755 -0.03983  0.76398  0.60630
 0.92412  0.41274  0.03880  0.03460  0.04638 -0.02779  0.84953  0.52717
# 
 0.63989  0.62933  0.07834  0.09045  0.08583  0.00119  0.60799  0.71987
 0.68734  0.66591  0.05641  0.09144  0.05610  0.00837  0.75562  0.67579
 0.70686  0.72471 -0.00197  0.07731 -0.00673 -0.00242  0.82037  0.68186
 0.67766  0.72154 -0.06054  0.05522 -0.06848 -0.01218  0.75943  0.66948
 0.74074  0.61445 -0.08229  0.03994 -0.09683  0.01010  0.72328  0.59668
 0.85901  0.55899 -0.05885  0.02020 -0.06980  0.03810  0.75776  0.59767
 1.00998  0.39461  0.00177 -0.00262  0.00275  0.06148  0.89321  0.46523
 0.89607  0.51646  0.05750 -0.03127  0.06003  0.06648  0.82033  0.52090
 0.78288  0.59331  0.07580 -0.05853  0.08703  0.06251  0.79815  0.49503
 0.83259  0.58331  0.04147 -0.07405  0.06502  0.04187  0.92075  0.40243
 0.77173  0.69067 -0.00734 -0.07032  0.00621  0.00447  0.91111  0.52455
 0.68773  0.68202 -0.06211 -0.06868 -0.04478 -0.04310  0.79700  0.58117
 0.55070  0.71975 -0.07634 -0.07604 -0.05553 -0.07728  0.55677  0.73082
 0.60803  0.73376 -0.04599 -0.05496 -0.02117 -0.07526  0.48995  0.82965
 0.71471  0.68559  0.00188  0.00177  0.02740 -0.05079  0.55034  0.82382
 0.76709  0.60188  0.05649  0.05219  0.07111 -0.02954  0.64572  0.76347
# 
 0.08973  0.83735  0.10316  0.13368  0.12779  0.02526  0.04209  0.94903
 0.20822  0.90727  0.07656  0.12013  0.08687  0.02778  0.32020  0.90342
 0.28029  0.96700 -0.00867  0.09326 -0.00432 -0.00183  0.46202  0.88913
 0.19120  0.96065 -0.09404  0.05793 -0.09505 -0.03214  0.32447  0.87833
 0.24737  0.90484 -0.12881  0.03676 -0.14347 -0.00707  0.22735  0.88296
 0.48825  0.83658 -0.08816  0.01685 -0.10404  0.04024  0.33694  0.90882
 0.76891  0.70794  0.00086 -0.00524 -0.00041  0.07267  0.59882  0.83824
 0.57086  0.85366  0.09431 -0.03700  0.08758  0.08451  0.46292  0.89079
 0.40237  0.98823  0.11928 -0.07253  0.12759  0.08563  0.41992  0.86434
 0.50298  0.99113  0.06698 -0.09538  0.09333  0.05846  0.62355  0.73351
 0.39230  1.04753 -0.00117 -0.08301  0.00591  0.00782  0.60362  0.80746
 0.21422  1.01302 -0.08185 -0.08841 -0.06506 -0.06605  0.37834  0.87460
-0.02820  0.93977 -0.10652 -0.11053 -0.07677 -0.11446 -0.01941  0.95697
 0.13313  0.88462 -0.06278 -0.08300 -0.03142 -0.09742 -0.04096  1.00833
 0.37351  0.83688  0.00127  0.00273  0.03650 -0.05957  0.13061  1.03318
 0.23672  0.81345  0.06568  0.08947  0.10427 -0.01297  0.03826  0.99463
# 
-0.64189  0.67737  0.08995  0.13342  0.12294  0.05287 -0.68380  0.76475
-0.47010  0.81028  0.06546  0.10571  0.08551  0.04300 -0.35396  0.78367
-0.32712  0.85887 -0.01124  0.07326  0.00011 -0.00018 -0.13507  0.76075
-0.47412  0.83664 -0.09462  0.03717 -0.08694 -0.04568 -0.33174  0.74632
-0.48172  0.86006 -0.13329  0.01013 -0.14049 -0.03012 -0.49523  0.84076
-0.18132  0.82252 -0.08905  0.00272 -0.10193  0.02202 -0.33306  0.91090
 0.17515  0.80522  0.00606 -0.00454 -0.00274  0.05805  0.00952  0.96381
-0.05425  0.95337  0.09835 -0.02698  0.08300  0.06813 -0.15866  1.01971
-0.23274  1.13744  0.12978 -0.05779  0.13051  0.07707 -0.21744  1.03832
-0.12417  1.12245  0.07411 -0.07559  0.08837  0.06202 -0.00312  0.87811
-0.21670  1.02008  0.00631 -0.06490  0.00402  0.00848 -0.00706  0.79592
-0.42561  0.96868 -0.07469 -0.07062 -0.06427 -0.06809 -0.26841  0.83389
-0.72915  0.75682 -0.10158 -0.11075 -0.07367 -0.11684 -0.72452  0.76544
-0.49309  0.68024 -0.06127 -0.08543 -0.03237 -0.08411 -0.66975  0.78979
-0.22501  0.67031 -0.00083  0.00433  0.03590 -0.04293 -0.46759  0.84426
-0.38917  0.65095  0.05799  0.08828  0.09797  0.00328 -0.58215  0.81378
# 
-1.01638  0.40405  0.05986  0.10614  0.09255  0.06111 -1.04468  0.45571
-0.84921  0.52763  0.04073  0.07114  0.06487  0.04786 -0.75257  0.49545
-0.67464  0.57720 -0.01177  0.04156  0.00587 -0.00211 -0.51561  0.48776
-0.81310  0.57871 -0.07486  0.01281 -0.06356 -0.04501 -0.69528  0.49919
-0.91695  0.59984 -0.10743 -0.01465 -0.10455 -0.04729 -0.92202  0.58561
-0.60706  0.61762 -0.06970 -0.01064 -0.07659  0.00263 -0.72794  0.69793
-0.27490  0.68402  0.00664 -0.00385 -0.00553  0.03026 -0.40046  0.82899
-0.50441  0.81574  0.08182 -0.00739  0.05676  0.04457 -0.58103  0.88666
-0.65804  1.02032  0.11285 -0.02738  0.09774  0.06303 -0.64225  0.96341
-0.53285  0.95802  0.06598 -0.04059  0.06438  0.05079 -0.44393  0.78550
-0.56896  0.76502  0.01080 -0.03218  0.00406  0.00605 -0.40652  0.59720
-0.78782  0.68537 -0.05056 -0.04139 -0.04439 -0.05721 -0.66952  0.59089
-1.06074  0.41679 -0.07295 -0.08651 -0.05459 -0.09321 -1.05664  0.41942
-0.81315  0.36017 -0.04282 -0.06757 -0.02519 -0.05603 -0.94713  0.42843
-0.55387  0.38240 -0.00097  0.00199  0.02447 -0.01769 -0.73953  0.50710
-0.75715  0.30536  0.02879  0.07329  0.06777  0.02191 -0.90515  0.39800
# 
-1.14943  0.19440  0.03560  0.08272  0.06358  0.06780 -1.16804  0.21691
-0.98198  0.27368  0.01851  0.04294  0.04317  0.05006 -0.90739  0.24231
-0.80252  0.30431 -0.01345  0.01607  0.00706  0.00076 -0.67600  0.23426
-0.95446  0.32481 -0.05200 -0.00739 -0.03971 -0.04528 -0.86196  0.26425
-1.08089  0.38631 -0.08355 -0.03240 -0.07674 -0.05302 -1.08126  0.37679
-0.78574  0.43780 -0.04998 -0.01938 -0.05235 -0.00835 -0.87115  0.50737
-0.49851  0.52762  0.00692 -0.00416 -0.00736  0.01201 -0.58735  0.64796
-0.72531  0.64595  0.06511  0.00662  0.03290  0.02686 -0.77890  0.71284
-0.94246  0.80060  0.09777  0.00378  0.06225  0.05785 -0.92328  0.77214
-0.71087  0.76943  0.05452 -0.01786  0.04246  0.04399 -0.64341  0.65607
-0.69133  0.52331  0.01328 -0.01069  0.00024  0.00464 -0.57732  0.40632
-0.91930  0.42263 -0.02828 -0.01851 -0.02863 -0.04715 -0.83459  0.36243
-1.15421  0.13582 -0.04915 -0.06869 -0.03438 -0.07548 -1.15880  0.13815
-0.90805  0.08272 -0.02224 -0.05536 -0.01535 -0.02980 -1.00448  0.11915
-0.66859  0.16504 -0.00056  0.00122  0.01535 -0.00020 -0.80379  0.24396
-0.87068  0.10741  0.01504  0.05673  0.04327  0.02614 -0.97021  0.16264
# 
