# Jones matrix for 2932 MHz, dr=0.05 degrees, dtheta=22.5 degrees
# Array shape (radius,theta,pol): (13, 16, 4)
 0.99030 -0.02848  0.00430  0.00649  0.00106 -0.00394  0.99891 -0.01898
 1.00358  0.00111  0.00153  0.00875  0.00144 -0.00157  1.00549  0.00572
 1.00669 -0.00032  0.00179  0.00989  0.00057 -0.00055  1.00483  0.00069
 1.00976 -0.00420 -0.00139  0.00871 -0.00024  0.00353  1.00214 -0.00749
 1.00908 -0.00379 -0.00188  0.00542 -0.00015  0.00428  1.01339 -0.00821
 1.01076  0.00566 -0.00297  0.00413  0.00064  0.00531  1.01403  0.00206
 1.00386 -0.00934 -0.00381  0.00090  0.00137  0.00452  1.01135 -0.01382
 1.00319 -0.00607 -0.00089 -0.00309  0.00082  0.00392  1.00658 -0.01556
 1.00301 -0.00518 -0.00138 -0.00572  0.00091  0.00260  0.99767 -0.01781
 1.00011  0.00450 -0.00252 -0.00761 -0.00034  0.00028  0.98595 -0.00946
 0.99615  0.00677 -0.00095 -0.00921 -0.00120 -0.00062  0.98508 -0.00613
 0.99214  0.00486 -0.00055 -0.00987 -0.00242 -0.00276  0.98348 -0.00137
 0.98100  0.00343 -0.00186 -0.00586 -0.00209 -0.00179  0.98361  0.00220
 0.97582  0.00417  0.00115 -0.00501 -0.00278 -0.00477  0.99179  0.01310
 0.97340 -0.01430  0.00193 -0.00027 -0.00041 -0.00513  0.99002 -0.00063
 0.98113 -0.02316  0.00268  0.00346 -0.00064 -0.00429  0.99425 -0.00911
# 
 0.98699  0.02564  0.01160  0.01461  0.00550 -0.00863  1.00034  0.04611
 1.00769  0.09296  0.00805  0.01888  0.00554 -0.00323  0.98780  0.09677
 1.02935  0.01904  0.00382  0.01931  0.00162  0.00128  0.99211  0.01038
 1.03065  0.05321 -0.00490  0.01744 -0.00326  0.00563  0.99791  0.04096
 1.01960  0.01966 -0.00757  0.01110 -0.00332  0.00810  1.01778  0.01593
 1.01235  0.01861 -0.00805  0.00662 -0.00164  0.00964  1.03440  0.02072
 1.00227 -0.00622 -0.00407  0.00223  0.00195  0.00898  1.03538 -0.00674
 0.99894  0.02941 -0.00108 -0.00581  0.00610  0.00671  1.01714  0.01862
 1.00876  0.02279  0.00243 -0.01022  0.00677  0.00467  0.99919 -0.00065
 1.01128  0.02123  0.00019 -0.01636  0.00354  0.00106  0.97239 -0.01533
 1.00323  0.06338 -0.00298 -0.01818 -0.00219 -0.00117  0.95994  0.02593
 0.97731  0.13843 -0.00343 -0.01908 -0.00649 -0.00609  0.95700  0.11393
 0.95719  0.09178 -0.00457 -0.01525 -0.00876 -0.00681  0.96771  0.09391
 0.93980  0.08642  0.00036 -0.01028 -0.00689 -0.00841  0.98127  0.11534
 0.94046  0.02979  0.00297 -0.00110 -0.00083 -0.01051  0.99871  0.06786
 0.95124  0.04046  0.00894  0.00706  0.00297 -0.00921  0.99625  0.07855
# 
 0.97130  0.10467  0.02518  0.02583  0.01557 -0.01397  0.98990  0.14517
 1.00983  0.21385  0.01396  0.03419  0.01208 -0.00616  0.94732  0.20067
 1.06809  0.09105  0.00543  0.03161  0.00273  0.00170  0.96051  0.06380
 1.05366  0.14873 -0.01195  0.02624 -0.00699  0.01139  0.97417  0.11627
 1.01887  0.13333 -0.01962  0.01928 -0.01328  0.01664  1.01215  0.12724
 0.99964  0.08027 -0.01675  0.01160 -0.00682  0.01855  1.06632  0.09851
 0.97811  0.04874 -0.00649  0.00262  0.00580  0.01509  1.07101  0.07012
 0.98179  0.10850  0.00452 -0.00730  0.01377  0.00996  1.03822  0.11168
 1.00712  0.11017  0.00978 -0.01730  0.01666  0.00396  0.98730  0.07276
 1.03364  0.08733  0.00605 -0.02350  0.01055  0.00240  0.93961  0.01883
 1.01621  0.18612 -0.00240 -0.02974 -0.00160 -0.00103  0.91064  0.10156
 0.95774  0.27955 -0.00686 -0.03338 -0.01389 -0.00676  0.89337  0.21857
 0.91997  0.18998 -0.01174 -0.02786 -0.01919 -0.01028  0.93269  0.19310
 0.88161  0.16807 -0.00438 -0.01542 -0.01020 -0.01483  0.97371  0.23561
 0.88845  0.11848  0.00703  0.00062  0.00080 -0.01803  1.01088  0.21257
 0.90609  0.12338  0.01810  0.01520  0.01066 -0.01576  0.99869  0.20156
# 
 0.92122  0.29993  0.04712  0.04536  0.03773 -0.02273  0.94003  0.36192
 1.01023  0.41670  0.02448  0.05417  0.02813 -0.01059  0.85100  0.36347
 1.13512  0.29320  0.00207  0.04653  0.00304  0.00318  0.89029  0.20877
 1.09485  0.33499 -0.02793  0.03771 -0.02008  0.01742  0.91351  0.25606
 1.01342  0.30091 -0.04346  0.02551 -0.03038  0.02611  1.00415  0.28944
 0.96208  0.23204 -0.03385  0.01509 -0.01742  0.02861  1.11866  0.28703
 0.91757  0.16796 -0.01095  0.00360  0.00627  0.02194  1.14720  0.23473
 0.91909  0.28792  0.01919 -0.00960  0.02785  0.01468  1.06021  0.32350
 0.99136  0.28456  0.02653 -0.02392  0.03523  0.00482  0.96147  0.22244
 1.08686  0.27778  0.01979 -0.03321  0.02138 -0.00070  0.88727  0.14335
 1.05261  0.40130  0.00062 -0.04478 -0.00373 -0.00059  0.82005  0.22278
 0.92467  0.50474 -0.01293 -0.05163 -0.03020 -0.01294  0.79218  0.37087
 0.83749  0.39123 -0.02314 -0.04572 -0.03739 -0.01827  0.85741  0.40093
 0.77743  0.31410 -0.01146 -0.02941 -0.02293 -0.02401  0.95623  0.45458
 0.77850  0.24989  0.00720  0.00021  0.00363 -0.02512  1.03582  0.43862
 0.81546  0.27815  0.03513  0.02654  0.02938 -0.02622  0.99954  0.44140
# 
 0.71644  0.61649  0.07681  0.08005  0.07983 -0.03175  0.73632  0.71033
 0.91017  0.75821  0.04472  0.08124  0.05667 -0.01476  0.57642  0.60923
 1.13505  0.70735 -0.00953  0.06891  0.00740  0.00754  0.62046  0.48667
 1.03198  0.72988 -0.06045  0.04611 -0.04320  0.02876  0.66511  0.53173
 0.88500  0.59579 -0.08752  0.03409 -0.06286  0.04651  0.86471  0.57258
 0.72798  0.50513 -0.06513  0.01690 -0.04611  0.05065  1.06462  0.65540
 0.69547  0.41213 -0.01423 -0.00056  0.00558  0.03328  1.19216  0.56488
 0.68655  0.55691  0.04406 -0.01531  0.05164  0.01704  0.99927  0.67142
 0.83699  0.64095  0.06886 -0.03177  0.07105  0.00635  0.80262  0.54703
 1.00802  0.70599  0.05092 -0.04742  0.04331 -0.00246  0.64044  0.42774
 0.99198  0.81358  0.01424 -0.06271 -0.01402 -0.00475  0.54975  0.44277
 0.75671  0.85918 -0.02441 -0.07910 -0.05453 -0.01671  0.49743  0.58754
 0.61537  0.66806 -0.04220 -0.07868 -0.07014 -0.02874  0.64733  0.68763
 0.47175  0.54737 -0.02511 -0.05045 -0.03796 -0.03603  0.80313  0.84503
 0.49237  0.45135  0.01573  0.00081  0.01743 -0.03944  0.97745  0.84391
 0.54669  0.49665  0.06267  0.05125  0.05675 -0.03668  0.90033  0.81151
# 
 0.11465  0.92633  0.10261  0.10840  0.12174 -0.03630  0.11751  1.04356
 0.43620  1.12143  0.05051  0.10183  0.08924 -0.01974 -0.10491  0.83641
 0.72082  1.18964 -0.03561  0.07567  0.00765  0.00762 -0.09837  0.72806
 0.57890  1.12946 -0.10707  0.04080 -0.07040  0.03496  0.00615  0.78259
 0.30844  0.97180 -0.13885  0.03010 -0.10652  0.06157  0.29846  0.95243
 0.07056  0.80490 -0.10050  0.01275 -0.07603  0.06090  0.62554  1.08161
 0.07658  0.72899 -0.01180 -0.00012  0.00456  0.03646  0.89995  1.01685
-0.00531  0.84622  0.08122 -0.00954  0.07337  0.01954  0.50616  1.09669
 0.20823  1.04034  0.12771 -0.02638  0.11174 -0.00093  0.18738  0.93310
 0.57586  1.14300  0.09689 -0.04898  0.06766 -0.00258  0.02377  0.71559
 0.54599  1.23721  0.03471 -0.06688 -0.01394  0.00152 -0.10247  0.62049
 0.21025  1.18100 -0.01972 -0.10131 -0.07599 -0.02857 -0.17374  0.72381
-0.06132  0.96050 -0.05820 -0.11229 -0.09735 -0.03808 -0.02107  0.98810
-0.25458  0.68833 -0.03596 -0.06885 -0.04554 -0.04979  0.17779  1.19851
-0.19543  0.58515  0.01653 -0.00114  0.02567 -0.04875  0.48231  1.26989
-0.14246  0.68487  0.07479  0.07582  0.10165 -0.04157  0.32737  1.20887
# 
-0.53348  0.78808  0.07551  0.08900  0.11859 -0.01878 -0.56593  0.86339
-0.20223  0.98716  0.02911  0.07415  0.08224 -0.01345 -0.70370  0.65183
 0.05095  1.05621 -0.04184  0.04199  0.00973  0.00445 -0.66880  0.56191
-0.14666  1.01673 -0.10564  0.00950 -0.06716  0.02109 -0.65602  0.62153
-0.39024  0.91383 -0.13502  0.00715 -0.10467  0.04514 -0.39200  0.88925
-0.58938  0.71394 -0.08653  0.00384 -0.07456  0.04030 -0.05450  1.01893
-0.55244  0.69787 -0.00532 -0.00378 -0.00465  0.02320  0.23217  1.04161
-0.65234  0.71128  0.08565 -0.01050  0.06253  0.01132 -0.16866  1.02160
-0.49032  0.93528  0.12564 -0.00756  0.09782 -0.00576 -0.48330  0.85023
-0.01544  1.06125  0.10093 -0.03398  0.06232 -0.01196 -0.51605  0.67442
-0.10263  1.06133  0.03883 -0.03421 -0.00716 -0.00384 -0.64895  0.42943
-0.39600  0.95229 -0.00784 -0.06334 -0.06690 -0.01717 -0.72359  0.51055
-0.63926  0.75939 -0.05133 -0.07942 -0.08342 -0.02551 -0.61709  0.79586
-0.77940  0.42119 -0.03179 -0.05779 -0.03396 -0.03328 -0.45000  0.93118
-0.68513  0.38574  0.01048  0.00562  0.03403 -0.03005 -0.12321  1.05448
-0.67650  0.51744  0.06271  0.06408  0.09219 -0.02220 -0.26767  1.01039
# 
-0.88870  0.54151  0.04275  0.06557  0.10223 -0.00202 -0.93407  0.58202
-0.56316  0.77554  0.01292  0.03853  0.06733 -0.00417 -0.97694  0.42976
-0.34458  0.85127 -0.04604  0.00971  0.00526  0.00465 -0.93927  0.31578
-0.54301  0.79664 -0.09052 -0.01114 -0.05579  0.01448 -0.95982  0.39100
-0.79431  0.75116 -0.11366 -0.01370 -0.09139  0.03078 -0.78563  0.72970
-0.93367  0.50388 -0.07160 -0.00457 -0.06939  0.02694 -0.47764  0.83940
-0.83928  0.56687  0.00288 -0.00824 -0.01275  0.01594 -0.14443  0.93249
-0.98073  0.48376  0.07695 -0.00090  0.04596  0.00088 -0.56861  0.82918
-0.85833  0.73854  0.11166  0.00522  0.07669 -0.00345 -0.83967  0.68769
-0.43303  0.90141  0.09320 -0.00557  0.05234 -0.00911 -0.82547  0.51879
-0.40988  0.84019  0.04655 -0.00420 -0.00813  0.00115 -0.84587  0.25622
-0.71081  0.68426  0.00132 -0.03563 -0.05263 -0.01197 -0.95375  0.26217
-0.96184  0.46049 -0.02981 -0.06362 -0.06044 -0.02984 -0.95785  0.48372
-0.96708  0.10833 -0.02348 -0.04661 -0.01809 -0.02283 -0.76757  0.60182
-0.85174  0.17476  0.00420  0.00834  0.03305 -0.01494 -0.43690  0.79364
-0.90602  0.28232  0.04094  0.05301  0.08381 -0.00257 -0.61602  0.73929
# 
-1.04434  0.28495  0.01367  0.05357  0.07939  0.01609 -1.09386  0.30080
-0.76607  0.51566 -0.01067  0.01183  0.04798  0.00463 -1.07295  0.13178
-0.52165  0.62640 -0.04659 -0.01299  0.00296  0.00426 -0.98404  0.08652
-0.75570  0.54659 -0.07175 -0.03057 -0.04383  0.00625 -1.05599  0.13393
-1.02841  0.52752 -0.08742 -0.02637 -0.07961  0.01197 -1.00926  0.50736
-1.07630  0.26168 -0.05596 -0.01001 -0.05961  0.01456 -0.71407  0.62732
-0.95838  0.35596  0.00337 -0.00599 -0.02118  0.00324 -0.37314  0.76535
-1.10184  0.30298  0.06817 -0.00035  0.02699 -0.00583 -0.75270  0.65158
-1.05427  0.53949  0.10514  0.02369  0.06043 -0.00257 -1.01389  0.51666
-0.66930  0.68335  0.08635  0.01461  0.03649 -0.00611 -0.95163  0.31637
-0.59691  0.56431  0.04718  0.01343 -0.00298 -0.00055 -0.87031 -0.00588
-0.84153  0.41243  0.01402 -0.00720 -0.03581 -0.01021 -0.99645  0.02777
-1.08360  0.18299 -0.01355 -0.04583 -0.04571 -0.02522 -1.08560  0.21407
-0.95806 -0.17685 -0.01254 -0.03178 -0.00278 -0.00939 -0.88387  0.26115
-0.83435 -0.05452 -0.00065  0.00714  0.03233 -0.00036 -0.57377  0.52093
-0.94744  0.06268  0.02615  0.04094  0.06376  0.00750 -0.76420  0.46973
# 
-1.15114 -0.00605 -0.00974  0.03682  0.06330  0.02948 -1.21533 -0.02550
-0.88399  0.25064 -0.02896 -0.01591  0.03161  0.00936 -1.08399 -0.15996
-0.63057  0.37867 -0.04798 -0.03418  0.00493  0.00583 -0.94522 -0.21133
-0.87430  0.31037 -0.05621 -0.04961 -0.03107  0.00168 -1.08197 -0.10728
-1.21829  0.27728 -0.06498 -0.04332 -0.06125 -0.00138 -1.19365  0.26482
-1.15250 -0.01100 -0.02707 -0.01499 -0.04476 -0.00155 -0.86993  0.39227
-1.02854  0.09582  0.00519 -0.00710 -0.02139 -0.00284 -0.54507  0.57860
-1.18914  0.08312  0.05045  0.00667  0.00370 -0.01564 -0.89673  0.46745
-1.22695  0.37529  0.09207  0.03541  0.04625  0.00259 -1.17329  0.36306
-0.86334  0.41486  0.07065  0.02886  0.01543 -0.00310 -1.02187  0.02646
-0.68197  0.28415  0.04755  0.04005  0.00280  0.00221 -0.80790 -0.29010
-0.92147  0.08005  0.02621  0.02207 -0.01323 -0.01250 -0.97009 -0.30123
-1.14611 -0.13719  0.00678 -0.03053 -0.03050 -0.02847 -1.17061 -0.11889
-0.86372 -0.44373 -0.00930 -0.02547  0.00604  0.00415 -0.89852 -0.03530
-0.71079 -0.36587 -0.00677  0.00418  0.02908  0.01460 -0.64815  0.20346
-0.90924 -0.23446 -0.00496  0.02374  0.04486  0.01970 -0.85714  0.15333
# 
-1.14263 -0.39747 -0.04079  0.02056  0.02929  0.05528 -1.19407 -0.45346
-0.89244 -0.11693 -0.04966 -0.04631  0.00238  0.00945 -0.94826 -0.54914
-0.64308  0.04204 -0.03695 -0.05497 -0.00177  0.00920 -0.74944 -0.56590
-0.90700 -0.03182 -0.02234 -0.04975 -0.00541  0.00210 -0.96872 -0.46625
-1.31775 -0.13961 -0.02580 -0.06111 -0.03683 -0.03941 -1.28094 -0.14893
-1.10167 -0.39389 -0.00657 -0.00301 -0.01945 -0.00859 -0.93768  0.04802
-0.95590 -0.34458  0.01016 -0.00702 -0.02765 -0.01597 -0.65764  0.23654
-1.20129 -0.23123  0.03168  0.00271 -0.02714 -0.01232 -0.99453  0.19410
-1.37141  0.04254  0.06789  0.05446  0.02153  0.01106 -1.30019  0.06446
-0.94724  0.08076  0.04684  0.04228  0.00483 -0.00357 -0.98015 -0.31721
-0.65758 -0.07886  0.03687  0.06028  0.00028  0.00581 -0.57118 -0.64742
-0.86934 -0.30883  0.04028  0.05187  0.00963 -0.00924 -0.78500 -0.64399
-1.09643 -0.50263  0.02778 -0.02048 -0.00372 -0.03601 -1.12777 -0.48013
-0.63033 -0.72327  0.00829 -0.00163  0.02843  0.02623 -0.79643 -0.38119
-0.43961 -0.65085 -0.00952  0.01349  0.02924  0.03220 -0.56796 -0.12616
-0.71371 -0.58408 -0.02733  0.00888  0.01798  0.03125 -0.82115 -0.25072
# 
-0.86940 -0.80730 -0.06675  0.00307 -0.00586  0.06965 -0.91953 -0.88420
-0.65394 -0.60083 -0.06151 -0.07867 -0.03655  0.01229 -0.46969 -0.96505
-0.44772 -0.40846 -0.01466 -0.06713 -0.01604  0.00146 -0.24912 -0.93887
-0.72178 -0.52823  0.02302 -0.04379  0.02928  0.00367 -0.58704 -0.91499
-1.12889 -0.64218  0.02779 -0.07506  0.00979 -0.05757 -1.09044 -0.64845
-0.73591 -0.85691  0.03827  0.01152  0.02672 -0.02548 -0.77763 -0.44238
-0.61876 -0.84434  0.00200  0.00198 -0.02190 -0.01695 -0.61377 -0.23947
-0.94660 -0.74468 -0.00461  0.00603 -0.06264 -0.00573 -0.93537 -0.32490
-1.28507 -0.49720  0.02406  0.09157 -0.00136  0.04027 -1.20341 -0.46380
-0.82076 -0.47616 -0.00251  0.05842 -0.03811  0.00760 -0.67198 -0.80611
-0.42081 -0.51164  0.01928  0.06769 -0.00818  0.00362 -0.11956 -0.93946
-0.55273 -0.74209  0.04962  0.08519  0.04649  0.01133 -0.32491 -0.97575
-0.77190 -0.91202  0.04407 -0.01028  0.03394 -0.04349 -0.81184 -0.89335
-0.16483 -0.95270  0.02196  0.02178  0.05521  0.04167 -0.46818 -0.76052
 0.03227 -0.89186 -0.01165  0.00645  0.01675  0.03168 -0.30205 -0.50874
-0.28620 -0.91306 -0.05286 -0.01360 -0.02965  0.03736 -0.54441 -0.70284
# 
-0.36477 -0.95962 -0.06336  0.00256 -0.03918  0.07265 -0.37435 -1.01792
-0.18735 -0.87827 -0.04603 -0.09979 -0.07255 -0.00076  0.13471 -1.03757
-0.05170 -0.70593  0.01162 -0.05386 -0.01283 -0.00327  0.39544 -0.95223
-0.27420 -0.85713  0.06745 -0.01080  0.05975  0.00463  0.01701 -1.04688
-0.59257 -0.91794  0.08568 -0.05691  0.04218 -0.07394 -0.57785 -0.91551
-0.14279 -1.05908  0.06254  0.02464  0.07114 -0.02154 -0.37169 -0.80977
-0.08645 -1.05191 -0.00095 -0.00217 -0.00919 -0.01611 -0.35240 -0.62572
-0.38651 -1.03381 -0.05038  0.00114 -0.07332  0.00700 -0.58223 -0.75125
-0.79758 -0.84162 -0.03048  0.08885 -0.02240  0.05265 -0.74615 -0.78465
-0.39283 -0.86068 -0.06100  0.03404 -0.05834  0.00731 -0.12475 -1.00920
-0.01689 -0.71503 -0.01812  0.05480 -0.00677  0.01433  0.39370 -0.87331
-0.03169 -0.93501  0.03961  0.09292  0.06675  0.01748  0.22766 -0.96051
-0.22951 -0.99184  0.05352 -0.00725  0.03764 -0.04728 -0.26690 -0.99036
 0.39913 -0.87095  0.02592  0.04225  0.05067  0.04989  0.09684 -0.89703
 0.48067 -0.82359 -0.01018  0.00274 -0.00388  0.03785  0.06384 -0.70024
 0.27279 -0.93745 -0.06295 -0.03808 -0.06581  0.02169 -0.03607 -0.92341
# 
