# Jones matrix for 1780 MHz, dr=0.05 degrees, dtheta=22.5 degrees
# Array shape (radius,theta,pol): (13, 16, 4)
 0.99613 -0.01494  0.00277 -0.00033 -0.00255 -0.00066  1.00210 -0.01454
 1.00004  0.00266  0.00342 -0.00046 -0.00163 -0.00064  1.00483  0.00257
 1.00350 -0.00277  0.00341 -0.00071 -0.00038 -0.00049  1.00711 -0.00249
 1.00313 -0.01136  0.00279 -0.00060  0.00083 -0.00037  1.00350 -0.01154
 1.00424  0.00480  0.00176 -0.00066  0.00185 -0.00031  1.00520  0.00478
 1.00306 -0.00399  0.00041 -0.00017  0.00267 -0.00035  1.00033 -0.00343
 1.00365 -0.00662 -0.00091  0.00018  0.00342 -0.00007  0.99900 -0.00648
 1.00129 -0.00221 -0.00217  0.00116  0.00305  0.00018  0.99694 -0.00191
 1.00004 -0.01437 -0.00330  0.00134  0.00259  0.00019  0.99495 -0.01470
 0.99967 -0.01481 -0.00365  0.00169  0.00157  0.00028  0.99267 -0.01597
 0.99945  0.00004 -0.00402  0.00158  0.00027  0.00009  0.99480 -0.00118
 0.99576 -0.00261 -0.00406  0.00136 -0.00130 -0.00015  0.99259 -0.00343
 0.99193  0.00999 -0.00348  0.00114 -0.00257 -0.00032  0.99259  0.00912
 0.99355  0.00297 -0.00211  0.00114 -0.00358 -0.00013  0.99458  0.00291
 0.99311  0.00987 -0.00048  0.00048 -0.00394 -0.00033  0.99348  0.01036
 0.99783 -0.01746  0.00094  0.00049 -0.00334 -0.00001  1.00004 -0.01790
# 
 0.99561 -0.01282  0.00622 -0.00061 -0.00518 -0.00020  1.00554 -0.01278
 0.99738  0.04864  0.00765 -0.00064 -0.00321 -0.00054  1.00593  0.04814
 1.00254 -0.00577  0.00728 -0.00177 -0.00109 -0.00059  1.00747 -0.00673
 1.00731 -0.01875  0.00577 -0.00221  0.00139 -0.00086  1.00824 -0.01875
 1.00739  0.01138  0.00382 -0.00152  0.00347 -0.00044  1.00546  0.01241
 1.00900 -0.00957  0.00134 -0.00079  0.00540 -0.00014  1.00300 -0.00723
 1.00862 -0.03900 -0.00117  0.00060  0.00671  0.00012  1.00100 -0.03720
 1.00316 -0.02240 -0.00354  0.00154  0.00666  0.00074  0.99461 -0.02154
 1.00146 -0.02302 -0.00531  0.00253  0.00587  0.00117  0.99346 -0.02392
 1.00015  0.01321 -0.00718  0.00270  0.00351  0.00088  0.99138  0.01072
 0.99407 -0.00652 -0.00802  0.00252  0.00055  0.00021  0.98715 -0.00984
 0.98915  0.05193 -0.00760  0.00173 -0.00246 -0.00064  0.98699  0.04907
 0.98453  0.04163 -0.00644  0.00142 -0.00521 -0.00098  0.98592  0.04044
 0.98199  0.07800 -0.00329  0.00075 -0.00658 -0.00150  0.98484  0.07814
 0.98530  0.05330 -0.00022  0.00096 -0.00735 -0.00113  0.99107  0.05432
 0.99338  0.00277  0.00296  0.00055 -0.00655  0.00012  1.00015  0.00284
# 
 0.99239  0.01641  0.01042 -0.00060 -0.00749  0.00033  1.00678  0.01757
 0.99619  0.07599  0.01205 -0.00061 -0.00473 -0.00045  1.00852  0.07514
 1.00356  0.00822  0.01116 -0.00268 -0.00193 -0.00073  1.01051  0.00598
 1.00819 -0.01479  0.00867 -0.00351  0.00149 -0.00148  1.01001 -0.01580
 1.01067  0.04412  0.00556 -0.00320  0.00504 -0.00127  1.00678  0.04553
 1.01208 -0.02552  0.00166 -0.00181  0.00780 -0.00096  1.00571 -0.02140
 1.00761 -0.05948 -0.00171  0.00024  0.01024  0.00001  0.99801 -0.05433
 1.00621 -0.03584 -0.00471  0.00272  0.01083  0.00121  0.99255 -0.03244
 1.00174 -0.02186 -0.00780  0.00421  0.00963  0.00187  0.98759 -0.02254
 0.99909 -0.00172 -0.01027  0.00462  0.00599  0.00154  0.98585 -0.00679
 0.98991 -0.00942 -0.01170  0.00391  0.00116  0.00019  0.98047 -0.01594
 0.98047  0.07846 -0.01162  0.00203 -0.00396 -0.00143  0.97650  0.07257
 0.97352  0.07298 -0.00955  0.00115 -0.00774 -0.00213  0.97518  0.07070
 0.96169  0.13785 -0.00514  0.00039 -0.00981 -0.00265  0.96806  0.13991
 0.97692  0.08267 -0.00018  0.00070 -0.01071 -0.00142  0.98701  0.08699
 0.98751  0.04695  0.00512  0.00106 -0.00941  0.00005  0.99901  0.04946
# 
 0.98666  0.06412  0.01485  0.00060 -0.00981  0.00106  1.00580  0.06605
 0.98970  0.11589  0.01678 -0.00016 -0.00631  0.00042  1.00414  0.11352
 1.00184  0.04840  0.01554 -0.00310 -0.00246 -0.00080  1.01168  0.04354
 1.00718  0.03311  0.01176 -0.00516  0.00188 -0.00237  1.00929  0.03025
 1.01187  0.06990  0.00722 -0.00465  0.00638 -0.00222  1.00892  0.07204
 1.01895 -0.02300  0.00197 -0.00325  0.01060 -0.00165  1.01021 -0.01567
 1.00994 -0.08670 -0.00205  0.00070  0.01387 -0.00043  0.99660 -0.07703
 1.00865 -0.03873 -0.00594  0.00415  0.01511  0.00218  0.99264 -0.03288
 1.00322 -0.02262 -0.00956  0.00644  0.01386  0.00339  0.98445 -0.02328
 1.00304 -0.04013 -0.01286  0.00671  0.00864  0.00223  0.98059 -0.04634
 0.98712  0.01137 -0.01579  0.00525  0.00181  0.00044  0.97277  0.00138
 0.97516  0.08235 -0.01635  0.00274 -0.00550 -0.00205  0.97129  0.07340
 0.96025  0.12105 -0.01373  0.00052 -0.01091 -0.00455  0.96311  0.11835
 0.95253  0.15855 -0.00756 -0.00007 -0.01381 -0.00447  0.96090  0.16260
 0.96669  0.12420  0.00029  0.00130 -0.01414 -0.00215  0.98059  0.13174
 0.98132  0.07949  0.00776  0.00147 -0.01236  0.00032  0.99926  0.08455
# 
 0.97679  0.12055  0.02060  0.00258 -0.01212  0.00208  0.99856  0.12330
 0.98141  0.16061  0.02274  0.00147 -0.00767  0.00142  1.00075  0.15622
 0.99861  0.09681  0.02081 -0.00384 -0.00309 -0.00078  1.01018  0.08922
 1.00399  0.09349  0.01482 -0.00649  0.00166 -0.00371  1.00672  0.08804
 1.01205  0.08138  0.00846 -0.00769  0.00719 -0.00411  1.00566  0.08357
 1.01691 -0.00739  0.00205 -0.00512  0.01279 -0.00284  1.00606  0.00475
 1.01035 -0.08934 -0.00263  0.00030  0.01818 -0.00145  0.99714 -0.07354
 1.00803 -0.03940 -0.00671  0.00591  0.02077  0.00333  0.98864 -0.02822
 0.99967 -0.01724 -0.01098  0.00920  0.01876  0.00522  0.97721 -0.01698
 1.00015 -0.02936 -0.01546  0.00955  0.01204  0.00309  0.97353 -0.03930
 0.98182  0.04261 -0.01994  0.00674  0.00254  0.00042  0.96267  0.02641
 0.96640  0.11617 -0.02139  0.00262 -0.00776 -0.00368  0.95883  0.10175
 0.94811  0.15723 -0.01834 -0.00081 -0.01500 -0.00682  0.95046  0.15342
 0.94104  0.18201 -0.01066 -0.00105 -0.01786 -0.00666  0.95401  0.18928
 0.94944  0.16408  0.00033  0.00121 -0.01800 -0.00355  0.96785  0.17773
 0.96937  0.12128  0.01069  0.00275 -0.01548  0.00115  0.99365  0.13092
# 
 0.96023  0.16735  0.02697  0.00606 -0.01432  0.00446  0.99124  0.17234
 0.97236  0.20189  0.02931  0.00315 -0.00880  0.00342  0.99669  0.19358
 0.99832  0.16249  0.02597 -0.00406 -0.00367 -0.00110  1.01087  0.14009
 0.99901  0.15599  0.01798 -0.00913  0.00211 -0.00565  1.00272  0.14713
 1.01260  0.09795  0.00945 -0.01148  0.00837 -0.00761  1.00544  0.10157
 1.01999  0.00978  0.00156 -0.00791  0.01556 -0.00494  1.00726  0.02888
 1.01607 -0.08694 -0.00270  0.00034  0.02322 -0.00138  0.99893 -0.06201
 1.01172  0.00917 -0.00742  0.00856  0.02692  0.00579  0.98695  0.02540
 0.99889  0.02451 -0.01217  0.01256  0.02484  0.00819  0.97125  0.02477
 0.99846  0.02279 -0.01869  0.01266  0.01634  0.00548  0.96574  0.00676
 0.97836  0.10551 -0.02524  0.00746  0.00252  0.00080  0.95514  0.07928
 0.95552  0.15379 -0.02773  0.00237 -0.01049 -0.00563  0.94358  0.13360
 0.92609  0.22403 -0.02477 -0.00345 -0.01954 -0.01102  0.93079  0.21881
 0.91561  0.25740 -0.01393 -0.00350 -0.02284 -0.01089  0.93090  0.26938
 0.93464  0.21381  0.00029  0.00153 -0.02262 -0.00446  0.95990  0.23555
 0.95818  0.16297  0.01485  0.00419 -0.01844  0.00143  0.98937  0.17827
# 
 0.93558  0.23250  0.03553  0.01050 -0.01652  0.00805  0.97451  0.23941
 0.95883  0.26051  0.03816  0.00640 -0.01052  0.00656  0.98677  0.24664
 0.98696  0.23632  0.03267 -0.00338 -0.00513 -0.00115  1.00419  0.20721
 0.98707  0.24431  0.02172 -0.01241  0.00193 -0.00950  0.99185  0.22871
 1.00777  0.13369  0.00976 -0.01723  0.00876 -0.01255  0.99869  0.13830
 1.02006  0.08663  0.00180 -0.01195  0.01818 -0.00711  1.00489  0.11358
 1.02575 -0.03680 -0.00326  0.00036  0.02837 -0.00201  1.00576  0.00005
 1.01387  0.05086 -0.00707  0.01238  0.03467  0.00862  0.98359  0.07657
 0.99514  0.06756 -0.01270  0.01764  0.03369  0.01247  0.95831  0.06890
 1.00057  0.05155 -0.02067  0.01721  0.02203  0.00866  0.95682  0.02821
 0.96749  0.20411 -0.03137  0.00860  0.00353  0.00158  0.93797  0.16457
 0.93744  0.21187 -0.03581  0.00148 -0.01409 -0.00915  0.92324  0.18123
 0.89523  0.28082 -0.03258 -0.00632 -0.02570 -0.01623  0.90032  0.27426
 0.87947  0.33590 -0.01858 -0.00721 -0.02884 -0.01635  0.89918  0.35683
 0.89613  0.30529  0.00076  0.00153 -0.02681 -0.00791  0.92631  0.33974
 0.93773  0.23806  0.02024  0.00867 -0.02238  0.00291  0.97628  0.26399
# 
 0.87962  0.33601  0.04709  0.02025 -0.01874  0.01496  0.92812  0.34662
 0.93065  0.34433  0.04989  0.01174 -0.01281  0.01119  0.96716  0.32217
 0.96290  0.35791  0.04123 -0.00246 -0.00530 -0.00162  0.98517  0.32033
 0.96463  0.32918  0.02686 -0.01800  0.00203 -0.01569  0.96928  0.30243
 0.98567  0.20259  0.00909 -0.02635  0.00780 -0.02040  0.97520  0.20828
 1.00627  0.17546  0.00017 -0.01921  0.02224 -0.01100  0.98532  0.21434
 1.03712  0.00782 -0.00361  0.00008  0.03582 -0.00287  1.01671  0.06548
 1.00659  0.12836 -0.00675  0.01784  0.04562  0.01416  0.97038  0.16619
 0.97823  0.14869 -0.01119  0.02536  0.04504  0.01991  0.93015  0.15068
 1.00022  0.12524 -0.02293  0.02367  0.03126  0.01375  0.94470  0.09060
 0.96790  0.26302 -0.03813  0.01233  0.00372  0.00223  0.92604  0.20461
 0.91022  0.31274 -0.04745 -0.00026 -0.02024 -0.01469  0.89212  0.26763
 0.82676  0.39810 -0.04353 -0.01286 -0.03397 -0.02574  0.83334  0.38954
 0.80186  0.46021 -0.02477 -0.01364 -0.03631 -0.02424  0.82508  0.49353
 0.83217  0.41771  0.00030  0.00197 -0.03395 -0.01147  0.86884  0.47221
 0.89353  0.32550  0.02815  0.01379 -0.02549  0.00525  0.94688  0.36560
# 
 0.77631  0.47593  0.06452  0.03628 -0.02193  0.02750  0.84171  0.49453
 0.86797  0.48290  0.06862  0.02104 -0.01406  0.02196  0.91641  0.44622
 0.91749  0.52060  0.05341 -0.00131 -0.00679 -0.00219  0.94724  0.45677
 0.90979  0.49149  0.03282 -0.02677  0.00262 -0.02676  0.91714  0.44421
 0.92637  0.34523  0.00766 -0.04188  0.00740 -0.03450  0.91158  0.35108
 0.97701  0.29385 -0.00241 -0.03074  0.02468 -0.01893  0.95289  0.35741
 1.04954  0.13315 -0.00461  0.00029  0.04707 -0.00252  1.02791  0.22581
 0.99350  0.23956 -0.00404  0.02701  0.06331  0.02185  0.94896  0.30290
 0.94436  0.28905 -0.00796  0.03761  0.06539  0.03259  0.87916  0.29201
 0.99248  0.29313 -0.02460  0.03228  0.04567  0.02278  0.91618  0.23726
 0.94768  0.46130 -0.04997  0.01543  0.00602  0.00393  0.89200  0.36814
 0.85654  0.48373 -0.06541 -0.00180 -0.03014 -0.02451  0.83216  0.41383
 0.69945  0.57274 -0.06309 -0.02643 -0.04821 -0.04260  0.70849  0.56053
 0.68702  0.60520 -0.03490 -0.02456 -0.04745 -0.03732  0.71638  0.66267
 0.74047  0.56114  0.00027  0.00236 -0.04172 -0.01590  0.78567  0.65037
 0.81395  0.46734  0.03811  0.02568 -0.03017  0.01036  0.88229  0.53472
# 
 0.47134  0.71048  0.09211  0.07185 -0.02415  0.05119  0.56157  0.74327
 0.65247  0.73043  0.09497  0.04069 -0.01593  0.04416  0.72053  0.66582
 0.76415  0.77658  0.07126 -0.00010 -0.00686 -0.00270  0.80494  0.66201
 0.71001  0.73249  0.03866 -0.04202  0.00315 -0.05018  0.72100  0.64587
 0.70646  0.58827  0.00139 -0.07280  0.00314 -0.06349  0.68542  0.59534
 0.83356  0.50991 -0.00781 -0.05444  0.02840 -0.03117  0.80076  0.61617
 0.99474  0.35970 -0.00598 -0.00034  0.06224  0.00068  0.97185  0.51344
 0.88197  0.48854  0.00431  0.04790  0.09237  0.03582  0.82556  0.59493
 0.79684  0.57337  0.00569  0.06021  0.10215  0.05553  0.70718  0.58059
 0.90487  0.59848 -0.02461  0.04420  0.06750  0.04074  0.78591  0.50535
 0.82386  0.79324 -0.06685  0.01713  0.00693  0.00494  0.74487  0.63525
 0.63628  0.81798 -0.09275 -0.01263 -0.04455 -0.04471  0.60519  0.70011
 0.35071  0.83768 -0.09201 -0.05560 -0.06788 -0.07683  0.36721  0.82706
 0.39636  0.80741 -0.05037 -0.04614 -0.06307 -0.05991  0.43073  0.90827
 0.56115  0.74095 -0.00056  0.00365 -0.05448 -0.02194  0.62607  0.89043
 0.49309  0.72270  0.05050  0.05292 -0.03749  0.01615  0.57229  0.84176
# 
-0.28494  0.85364  0.11058  0.11953 -0.01999  0.09107 -0.18536  0.90349
 0.02406  0.96371  0.11308  0.06798 -0.01667  0.07386  0.10181  0.86286
 0.25892  1.00887  0.08006  0.00348 -0.00663 -0.00280  0.30647  0.83145
 0.10892  0.93606  0.03444 -0.05867  0.00621 -0.07983  0.12616  0.80418
 0.03869  0.83667 -0.01567 -0.11188 -0.01012 -0.10383  0.01502  0.84174
 0.27871  0.77422 -0.01390 -0.08470  0.02470 -0.04602  0.23925  0.92745
 0.59748  0.69210 -0.00209 -0.00116  0.06953  0.00208  0.58653  0.92646
 0.38949  0.86754  0.02211  0.07247  0.11352  0.05489  0.33543  1.02761
 0.26458  1.03184  0.03653  0.08181  0.13990  0.08500  0.15905  1.04620
 0.44764  1.07016 -0.01342  0.05387  0.08942  0.06734  0.29274  0.92938
 0.33926  1.16049 -0.07069  0.01441  0.00727  0.00695  0.25066  0.92131
 0.04428  1.15166 -0.11489 -0.02293 -0.06025 -0.07046  0.01208  0.97961
-0.42672  1.00257 -0.11870 -0.09403 -0.08185 -0.12285 -0.40517  0.98314
-0.27178  0.91486 -0.06665 -0.07608 -0.07495 -0.08319 -0.24247  1.06678
-0.00345  0.87062  0.00063  0.00542 -0.05784 -0.02737  0.05962  1.10319
-0.12644  0.83744  0.06223  0.08569 -0.03416  0.03246 -0.02911  1.01310
# 
-0.95945  0.57380  0.07625  0.11459 -0.00001  0.09049 -0.89173  0.61143
-0.67161  0.71216  0.07064  0.06345 -0.00718  0.07145 -0.61717  0.62553
-0.40434  0.76625  0.04638  0.00904 -0.00387  0.00069 -0.37071  0.60254
-0.55594  0.71618  0.01188 -0.04712  0.00337 -0.07338 -0.55207  0.59232
-0.73058  0.65938 -0.02509 -0.10068 -0.01491 -0.09996 -0.74734  0.65807
-0.45021  0.66215 -0.01336 -0.07697  0.00263 -0.03914 -0.47534  0.79471
-0.11381  0.71853  0.00259 -0.00084  0.04164  0.00583 -0.10910  0.91874
-0.33966  0.87476  0.02778  0.06247  0.07710  0.05043 -0.36613  1.00717
-0.45672  1.08715  0.05308  0.06726  0.11179  0.08142 -0.52716  1.09276
-0.25780  1.05467  0.00465  0.03285  0.06832  0.06485 -0.36974  0.92801
-0.30439  0.97199 -0.04001  0.00827  0.00367  0.00742 -0.36427  0.76334
-0.62678  0.91292 -0.07682 -0.02812 -0.04377 -0.06721 -0.63931  0.76846
-1.04844  0.63548 -0.08806 -0.09263 -0.05833 -0.11207 -1.03424  0.62450
-0.83944  0.54627 -0.04662 -0.07526 -0.04492 -0.06534 -0.83577  0.67778
-0.55648  0.55825 -0.00200  0.00040 -0.03111 -0.01523 -0.53055  0.75496
-0.75884  0.46500  0.03686  0.08115 -0.01305  0.02944 -0.71362  0.61731
# 
-1.15456  0.29327  0.04094  0.09284  0.01197  0.07609 -1.12462  0.31830
-0.92475  0.39608  0.02908  0.04996 -0.00425  0.05931 -0.89590  0.33243
-0.69922  0.43147  0.01806  0.00923  0.00085  0.00219 -0.67156  0.31135
-0.85091  0.41028 -0.00451 -0.03154  0.00445 -0.05875 -0.84252  0.31756
-1.01234  0.42465 -0.02989 -0.07863 -0.02127 -0.08079 -1.02122  0.42065
-0.75314  0.46918 -0.01024 -0.05870 -0.00777 -0.02821 -0.76462  0.56361
-0.46973  0.57622  0.00448 -0.00222  0.01463  0.00935 -0.45692  0.71736
-0.69148  0.70128  0.02704  0.04805  0.03921  0.04165 -0.69814  0.79293
-0.85492  0.87262  0.05202  0.04919  0.06667  0.07584 -0.88577  0.86937
-0.58337  0.84317  0.01650  0.01392  0.04175  0.05302 -0.65142  0.75238
-0.58239  0.65867 -0.01298 -0.00171  0.00187  0.00483 -0.61060  0.50672
-0.87283  0.57270 -0.03887 -0.02484 -0.02626 -0.05495 -0.86796  0.46839
-1.19310  0.26083 -0.05275 -0.07659 -0.03141 -0.08767 -1.18655  0.25267
-0.97872  0.17785 -0.02264 -0.06082 -0.01720 -0.04249 -0.99518  0.26768
-0.73241  0.25761 -0.00149  0.00016 -0.00824 -0.00686 -0.73425  0.40043
-0.92053  0.19658  0.01845  0.06091  0.00292  0.02568 -0.90288  0.30344
# 
