# Jones matrix for 1652 MHz, dr=0.05 degrees, dtheta=22.5 degrees
# Array shape (radius,theta,pol): (13, 16, 4)
 1.00161 -0.01327 -0.00099 -0.00147  0.00072  0.00094  1.00154 -0.01443
 1.00383  0.00365 -0.00123 -0.00162  0.00000  0.00057  1.00361  0.00224
 1.00547 -0.00095 -0.00154 -0.00204 -0.00070  0.00019  1.00605 -0.00170
 1.00254 -0.00956 -0.00144 -0.00226 -0.00084 -0.00044  1.00218 -0.01042
 1.00182  0.00623 -0.00136 -0.00182 -0.00112 -0.00094  1.00426  0.00554
 0.99911 -0.00280 -0.00093 -0.00125 -0.00108 -0.00125  1.00075 -0.00293
 0.99953 -0.00566 -0.00048 -0.00050 -0.00084 -0.00149  1.00111 -0.00463
 0.99674 -0.00148  0.00013  0.00013 -0.00081 -0.00143  0.99975  0.00024
 0.99667 -0.01392  0.00055  0.00078 -0.00063 -0.00110  0.99925 -0.01242
 0.99567 -0.01449  0.00093  0.00110 -0.00026 -0.00104  0.99646 -0.01376
 0.99882 -0.00113  0.00098  0.00113  0.00027 -0.00092  0.99989 -0.00060
 0.99868 -0.00358  0.00105  0.00023  0.00025 -0.00011  0.99846 -0.00337
 0.99617  0.00938  0.00079 -0.00016  0.00049 -0.00026  0.99696  0.00920
 0.99982  0.00208  0.00024 -0.00089  0.00097  0.00011  0.99896  0.00198
 0.99925  0.01100 -0.00029 -0.00100  0.00090  0.00047  0.99574  0.01064
 1.00547 -0.01730 -0.00082 -0.00142  0.00014  0.00084  1.00175 -0.01906
# 
 1.00353 -0.01410 -0.00166 -0.00162  0.00131  0.00251  1.00108 -0.01614
 1.00152  0.04688 -0.00214 -0.00261  0.00004  0.00161  1.00011  0.04334
 1.00249 -0.00644 -0.00295 -0.00323 -0.00117  0.00040  1.00078 -0.00933
 1.00197 -0.02040 -0.00336 -0.00403 -0.00193 -0.00088  1.00152 -0.02227
 0.99929  0.01029 -0.00281 -0.00362 -0.00238 -0.00219  1.00056  0.01023
 0.99922 -0.01207 -0.00177 -0.00217 -0.00221 -0.00228  1.00041 -0.01022
 0.99877 -0.04163 -0.00051 -0.00048 -0.00205 -0.00239  1.00189 -0.03895
 0.99283 -0.02383  0.00070  0.00139 -0.00112 -0.00215  0.99788 -0.02077
 0.99417 -0.02674  0.00223  0.00286 -0.00013 -0.00170  1.00056 -0.02410
 0.99543  0.00657  0.00258  0.00318  0.00029 -0.00133  0.99937  0.00948
 0.99298 -0.01093  0.00265  0.00292  0.00080 -0.00102  0.99618 -0.00991
 0.99410  0.04716  0.00210  0.00125  0.00077 -0.00049  0.99618  0.04740
 0.99298  0.03847  0.00179  0.00003  0.00119 -0.00011  0.99358  0.03885
 0.99291  0.07228  0.00075 -0.00083  0.00158  0.00091  0.98986  0.07185
 0.99551  0.05045 -0.00052 -0.00137  0.00148  0.00180  0.99202  0.04936
 1.00479  0.00047 -0.00118 -0.00154  0.00195  0.00236  0.99981 -0.00154
# 
 1.00400  0.01184 -0.00164 -0.00132  0.00258  0.00463  0.99956  0.00812
 1.00297  0.06932 -0.00289 -0.00288  0.00041  0.00346  0.99972  0.06369
 1.00226  0.00386 -0.00476 -0.00478 -0.00138  0.00086  0.99941 -0.00092
 1.00115 -0.02064 -0.00537 -0.00585 -0.00333 -0.00172  1.00004 -0.02403
 0.99877  0.03882 -0.00450 -0.00594 -0.00422 -0.00391  0.99933  0.03877
 0.99766 -0.03321 -0.00301 -0.00374 -0.00425 -0.00394  1.00123 -0.03029
 0.99243 -0.06509 -0.00056 -0.00017 -0.00312 -0.00325  0.99782 -0.06000
 0.99180 -0.04172  0.00234  0.00299 -0.00123 -0.00255  0.99806 -0.03598
 0.99172 -0.03019  0.00437  0.00501  0.00034 -0.00166  0.99893 -0.02602
 0.99275 -0.01656  0.00492  0.00590  0.00114 -0.00144  0.99901 -0.01384
 0.99021 -0.02025  0.00441  0.00493  0.00149 -0.00126  0.99568 -0.01959
 0.99076  0.06706  0.00301  0.00194  0.00104 -0.00103  0.99267  0.06654
 0.98839  0.06668  0.00191  0.00008  0.00117 -0.00037  0.98823  0.06611
 0.97959  0.12843  0.00062 -0.00119  0.00164  0.00095  0.97673  0.12801
 0.99512  0.07498 -0.00052 -0.00141  0.00297  0.00271  0.98989  0.07470
 1.00511  0.04113 -0.00135 -0.00121  0.00313  0.00426  0.99734  0.03924
# 
 1.00415  0.05170 -0.00173 -0.00082  0.00390  0.00752  0.99777  0.04615
 1.00039  0.10353 -0.00324 -0.00322  0.00118  0.00566  0.99480  0.09421
 1.00127  0.03716 -0.00609 -0.00632 -0.00177  0.00142  0.99847  0.02905
 0.99882  0.01824 -0.00718 -0.00864 -0.00501 -0.00322  0.99716  0.01305
 0.99725  0.05743 -0.00683 -0.00907 -0.00653 -0.00627  1.00004  0.05742
 1.00013 -0.03656 -0.00493 -0.00534 -0.00657 -0.00577  1.00485 -0.03169
 0.99044 -0.09751 -0.00027  0.00003 -0.00412 -0.00391  0.99786 -0.09002
 0.99044 -0.05303  0.00384  0.00550 -0.00131 -0.00275  1.00100 -0.04439
 0.99131 -0.03800  0.00696  0.00824  0.00172 -0.00090  1.00144 -0.03214
 0.98991 -0.06006  0.00789  0.00937  0.00186 -0.00109  0.99620 -0.05707
 0.98965 -0.00965  0.00662  0.00637  0.00133 -0.00137  0.99533 -0.01019
 0.99061  0.06246  0.00459  0.00233  0.00105 -0.00177  0.99533  0.06137
 0.98424  0.10918  0.00256 -0.00080  0.00120 -0.00153  0.98354  0.10917
 0.98136  0.13950  0.00104 -0.00185  0.00247  0.00092  0.97612  0.13912
 0.99437  0.10935 -0.00017 -0.00133  0.00370  0.00361  0.98721  0.10977
 1.00677  0.06825 -0.00137 -0.00051  0.00484  0.00621  0.99751  0.06508
# 
 1.00253  0.09605 -0.00165  0.00065  0.00611  0.01136  0.99172  0.08705
 0.99876  0.13823 -0.00456 -0.00218  0.00261  0.00846  0.99212  0.12620
 1.00064  0.07545 -0.00759 -0.00798 -0.00253  0.00179  0.99589  0.06448
 0.99628  0.06760 -0.00969 -0.01246 -0.00718 -0.00543  0.99480  0.06021
 0.99737  0.05895 -0.00938 -0.01290 -0.00964 -0.00916  0.99807  0.05941
 0.99529 -0.02932 -0.00677 -0.00763 -0.00934 -0.00830  1.00084 -0.02071
 0.98638 -0.10785 -0.00048  0.00030 -0.00526 -0.00477  0.99896 -0.09623
 0.98520 -0.06335  0.00621  0.00839 -0.00096 -0.00263  1.00064 -0.05076
 0.98521 -0.04419  0.01040  0.01277  0.00269 -0.00022  1.00015 -0.03594
 0.98637 -0.06363  0.01091  0.01337  0.00334 -0.00042  0.99569 -0.06128
 0.98847  0.00808  0.00863  0.00850  0.00192 -0.00153  0.99400  0.00550
 0.98956  0.08470  0.00543  0.00210  0.00038 -0.00352  0.99291  0.08085
 0.98307  0.13775  0.00306 -0.00214  0.00087 -0.00310  0.98075  0.13764
 0.98227  0.15356  0.00137 -0.00328  0.00245  0.00032  0.97685  0.15406
 0.99007  0.14096 -0.00028 -0.00145  0.00488  0.00463  0.98027  0.14267
 1.00590  0.09938 -0.00108  0.00118  0.00718  0.00930  0.99490  0.09832
# 
 0.99779  0.13245 -0.00196  0.00394  0.00910  0.01668  0.98636  0.12202
 0.99642  0.16537 -0.00541 -0.00076  0.00432  0.01207  0.98801  0.14842
 1.00026  0.12486 -0.00968 -0.00960 -0.00307  0.00188  0.99431  0.10015
 0.99118  0.11383 -0.01260 -0.01711 -0.01008 -0.00813  0.98983  0.10306
 0.99437  0.06255 -0.01329 -0.01792 -0.01391 -0.01286  0.99553  0.06279
 0.99324 -0.02456 -0.00951 -0.01090 -0.01274 -0.01080  1.00112 -0.01217
 0.98553 -0.11537  0.00009  0.00032 -0.00704 -0.00580  1.00054 -0.09930
 0.98455 -0.02699  0.00889  0.01263  0.00015 -0.00234  1.00193 -0.00890
 0.98017 -0.01705  0.01486  0.01898  0.00507  0.00158  0.99964 -0.00744
 0.98178 -0.03425  0.01482  0.01964  0.00579  0.00036  0.99428 -0.03098
 0.98579  0.05113  0.01132  0.01103  0.00297 -0.00140  0.99553  0.04581
 0.98592  0.10560  0.00648  0.00137  0.00049 -0.00568  0.98885  0.09898
 0.97384  0.18936  0.00284 -0.00501  0.00026 -0.00557  0.97269  0.18796
 0.97224  0.21805  0.00151 -0.00545  0.00175 -0.00113  0.96454  0.21993
 0.98937  0.17838  0.00006 -0.00131  0.00636  0.00623  0.97735  0.18289
 1.00648  0.12892 -0.00137  0.00356  0.00980  0.01345  0.99241  0.12855
# 
 0.98936  0.17843 -0.00171  0.00948  0.01352  0.02438  0.97476  0.16544
 0.99279  0.20291 -0.00633  0.00166  0.00620  0.01809  0.98117  0.17890
 0.99730  0.17447 -0.01173 -0.01201 -0.00358  0.00255  0.99080  0.14260
 0.98316  0.17926 -0.01569 -0.02412 -0.01341 -0.01285  0.98231  0.16318
 0.98934  0.07682 -0.01843 -0.02545 -0.01998 -0.01888  0.99006  0.07666
 0.99206  0.03171 -0.01242 -0.01656 -0.01739 -0.01529  1.00167  0.04906
 0.98885 -0.08292  0.00012  0.00074 -0.00942 -0.00639  1.00646 -0.05933
 0.98323 -0.00626  0.01291  0.01778  0.00183 -0.00008  1.00518  0.01768
 0.97214  0.00189  0.02154  0.02702  0.00841  0.00391  0.99442  0.01539
 0.98149 -0.03092  0.02147  0.02421  0.00898  0.00286  0.99465 -0.03117
 0.98287  0.12508  0.01336  0.01384  0.00416 -0.00150  0.99397  0.11440
 0.98033  0.13830  0.00750  0.00015 -0.00102 -0.00830  0.98362  0.12755
 0.96161  0.22433  0.00260 -0.00806 -0.00167 -0.00989  0.95923  0.22173
 0.95957  0.28181  0.00135 -0.00935  0.00180 -0.00252  0.94960  0.28685
 0.97250  0.25777 -0.00083 -0.00169  0.00780  0.00879  0.95638  0.26491
 1.00591  0.19002 -0.00029  0.00657  0.01413  0.01907  0.98760  0.19139
# 
 0.96290  0.25252 -0.00167  0.01760  0.01924  0.03567  0.94291  0.23566
 0.98376  0.25308 -0.00708  0.00604  0.01063  0.02619  0.97011  0.21992
 0.98615  0.25881 -0.01464 -0.01408 -0.00421  0.00335  0.98023  0.22175
 0.96968  0.22705 -0.02157 -0.03303 -0.01856 -0.01976  0.96835  0.20323
 0.96998  0.11250 -0.02595 -0.03646 -0.02899 -0.02744  0.97317  0.11305
 0.98101  0.08984 -0.01668 -0.02377 -0.02318 -0.02159  0.99016  0.11458
 0.99154 -0.06544  0.00041  0.00120 -0.01142 -0.00739  1.01611 -0.03076
 0.97394  0.03622  0.01982  0.02662  0.00459  0.00282  1.00185  0.06952
 0.95577  0.04395  0.03123  0.03775  0.01346  0.01014  0.98353  0.05971
 0.97491  0.00744  0.03058  0.03399  0.01347  0.00534  0.99371  0.00445
 0.99093  0.13601  0.01809  0.01564  0.00429 -0.00163  1.00235  0.11584
 0.97291  0.20039  0.00822 -0.00216 -0.00288 -0.01403  0.97634  0.18236
 0.92791  0.31100  0.00352 -0.01562 -0.00410 -0.01616  0.92392  0.30618
 0.91871  0.38702  0.00224 -0.01423  0.00152 -0.00559  0.90681  0.39656
 0.93842  0.35140  0.00016 -0.00203  0.00988  0.01084  0.91828  0.36509
 0.99038  0.24856 -0.00137  0.01245  0.01929  0.02893  0.96945  0.25426
# 
 0.91798  0.33956 -0.00191  0.03174  0.02989  0.05547  0.89240  0.31874
 0.95810  0.33033 -0.00793  0.01454  0.01787  0.04029  0.94189  0.28335
 0.96629  0.35533 -0.01932 -0.01773 -0.00550  0.00416  0.96074  0.29857
 0.93856  0.32452 -0.02974 -0.04760 -0.02669 -0.03245  0.93883  0.28827
 0.93145  0.19058 -0.03638 -0.05577 -0.04211 -0.04224  0.93425  0.19107
 0.95920  0.15324 -0.02271 -0.03711 -0.03448 -0.03066  0.97141  0.19264
 0.99589  0.00611  0.00084  0.00131 -0.01483 -0.00904  1.02827  0.06046
 0.96090  0.08383  0.03072  0.03914  0.01071  0.00881  0.99932  0.13127
 0.92271  0.10691  0.04738  0.05593  0.02448  0.01801  0.95894  0.12688
 0.96733  0.09741  0.04347  0.04569  0.02181  0.01273  0.99051  0.08698
 0.98342  0.26586  0.02437  0.02238  0.00674 -0.00149  0.99744  0.23084
 0.95549  0.29653  0.00961 -0.00745 -0.00706 -0.02222  0.95925  0.26701
 0.86675  0.42838  0.00351 -0.02747 -0.00696 -0.02847  0.86217  0.42299
 0.86915  0.49332  0.00311 -0.02477  0.00155 -0.01292  0.85215  0.51058
 0.90305  0.45772 -0.00141 -0.00106  0.01368  0.01546  0.87357  0.48406
 0.96454  0.34126 -0.00119  0.02465  0.02768  0.04132  0.93553  0.35486
# 
 0.79432  0.50585 -0.00405  0.06252  0.04637  0.09329  0.76081  0.47739
 0.88355  0.48543 -0.01096  0.02963  0.03090  0.06791  0.86366  0.41104
 0.92145  0.51274 -0.02669 -0.02474 -0.00569  0.00631  0.92054  0.42072
 0.85472  0.47054 -0.04248 -0.07328 -0.03927 -0.05675  0.85936  0.41047
 0.82827  0.33820 -0.05493 -0.09189 -0.06530 -0.07193  0.83303  0.33885
 0.90603  0.27447 -0.03559 -0.06212 -0.05319 -0.04695  0.92091  0.33716
 0.99354  0.12560  0.00510  0.00325 -0.01998 -0.01076  1.03947  0.21613
 0.91714  0.21270  0.05242  0.06322  0.02062  0.01945  0.97447  0.28811
 0.84910  0.24906  0.08045  0.08732  0.04477  0.03618  0.90369  0.27630
 0.93732  0.27255  0.06793  0.06940  0.03762  0.02509  0.96291  0.24717
 0.96360  0.47854  0.03457  0.02877  0.00977 -0.00138  0.98382  0.41178
 0.87650  0.52755  0.01061 -0.01663 -0.01385 -0.03956  0.88597  0.47362
 0.71295  0.63253  0.00435 -0.05178 -0.01385 -0.05296  0.70926  0.62519
 0.75413  0.65833  0.00590 -0.04091  0.00125 -0.02564  0.72886  0.69356
 0.87982  0.57910  0.00078 -0.00181  0.02008  0.02171  0.84049  0.63225
 0.81822  0.56388 -0.00722  0.04423  0.03470  0.06637  0.77332  0.58558
# 
 0.38099  0.74577 -0.01096  0.12559  0.08134  0.16865  0.33139  0.70194
 0.59024  0.76608 -0.01635  0.06397  0.05719  0.12624  0.56772  0.63904
 0.73068  0.78450 -0.04062 -0.03174 -0.00439  0.00735  0.73648  0.62093
 0.56299  0.71719 -0.06740 -0.12262 -0.06622 -0.10516  0.57591  0.61193
 0.47393  0.58671 -0.09083 -0.16417 -0.11415 -0.13234  0.47920  0.58556
 0.65746  0.53027 -0.05618 -0.11662 -0.08893 -0.07987  0.67721  0.64543
 0.88498  0.39524  0.00997  0.00516 -0.02666 -0.01368  0.95811  0.55829
 0.71475  0.52820  0.09473  0.11326  0.04436  0.04229  0.80090  0.65453
 0.57399  0.63338  0.14821  0.14836  0.08933  0.07149  0.65738  0.67498
 0.75607  0.69404  0.11496  0.11556  0.07074  0.05749  0.78668  0.63457
 0.78878  0.88186  0.05269  0.04555  0.01531  0.00224  0.81744  0.75157
 0.62223  0.91596  0.01113 -0.03765 -0.02508 -0.07403  0.62984  0.80859
 0.26393  0.93112  0.00905 -0.10008 -0.02677 -0.10526  0.25783  0.91828
 0.41035  0.91451  0.01164 -0.08053 -0.00146 -0.04905  0.36771  0.99148
 0.64344  0.85117 -0.00170  0.00162  0.03186  0.03113  0.57990  0.95781
 0.53615  0.78051 -0.01256  0.09094  0.06521  0.11386  0.47128  0.83427
# 
-0.60952  0.73750 -0.01421  0.17777  0.11077  0.22345 -0.66613  0.69681
-0.30263  0.84875 -0.01831  0.09523  0.07171  0.16516 -0.32119  0.69605
-0.03980  0.88066 -0.04214 -0.02524 -0.00121  0.00693 -0.02248  0.67421
-0.26469  0.78929 -0.08082 -0.14248 -0.08024 -0.14113 -0.24328  0.64618
-0.50041  0.69986 -0.10163 -0.21580 -0.13634 -0.17507 -0.49710  0.70156
-0.17541  0.68960 -0.06296 -0.15608 -0.10633 -0.09679 -0.16092  0.84127
 0.19722  0.69897  0.01697  0.00302 -0.02585 -0.00544  0.26963  0.91525
-0.08904  0.88016  0.11851  0.15265  0.05975  0.06062  0.00696  1.04260
-0.26953  1.11834  0.18840  0.18345  0.12442  0.10667 -0.19082  1.15900
-0.00740  1.12184  0.13198  0.13509  0.08496  0.08898  0.01105  1.04279
 0.08151  1.13101  0.05614  0.04814  0.01444  0.00640  0.10188  0.94936
-0.24048  1.11825  0.01062 -0.05586 -0.03047 -0.10223 -0.23664  0.97281
-0.73004  0.91062  0.00964 -0.14581 -0.03295 -0.14838 -0.73228  0.89423
-0.46697  0.84478  0.01944 -0.11486 -0.00437 -0.06765 -0.51778  0.95088
-0.11691  0.82511 -0.00247  0.00520  0.03032  0.03641 -0.18949  0.98066
-0.37518  0.70906 -0.03451  0.12294  0.06561  0.14057 -0.45604  0.78626
# 
-1.10677  0.37700 -0.00851  0.14061  0.08001  0.15612 -1.13281  0.35735
-0.85423  0.47326 -0.01360  0.07406  0.04739  0.12131 -0.85361  0.36934
-0.61660  0.49886 -0.02378 -0.01302  0.00535  0.00379 -0.58852  0.35466
-0.81787  0.45055 -0.04621 -0.08891 -0.04563 -0.10680 -0.79855  0.35026
-1.01285  0.44874 -0.06397 -0.14904 -0.09266 -0.12731 -1.01500  0.44797
-0.72402  0.48916 -0.03650 -0.11018 -0.06628 -0.05933 -0.72374  0.59377
-0.40596  0.59107  0.01339  0.00145 -0.01244  0.00048 -0.36517  0.74147
-0.67176  0.72977  0.07814  0.10923  0.04363  0.04959 -0.62108  0.84121
-0.85430  0.95896  0.12803  0.13919  0.08981  0.09610 -0.81122  0.97939
-0.56684  0.93209  0.08283  0.08088  0.06210  0.07302 -0.56371  0.86781
-0.48760  0.77513  0.03153  0.02914  0.01051  0.00428 -0.48463  0.63323
-0.78490  0.71778  0.00459 -0.04290 -0.02206 -0.07615 -0.78227  0.60900
-1.15900  0.40614  0.00556 -0.11164 -0.02606 -0.11161 -1.15962  0.39308
-0.92294  0.32841  0.02196 -0.08162 -0.00129 -0.05187 -0.95605  0.41411
-0.61984  0.40108 -0.00212  0.00275  0.02136  0.01662 -0.66532  0.52307
-0.84357  0.31935 -0.02344  0.09709  0.04226  0.09245 -0.88644  0.38438
# 
