# Jones matrix for 2804 MHz, dr=0.05 degrees, dtheta=22.5 degrees
# Array shape (radius,theta,pol): (13, 16, 4)
 0.99447 -0.02034  0.00589  0.00317 -0.00231 -0.00286  1.00383 -0.01428
 1.00356  0.00199  0.00639  0.00548 -0.00070 -0.00183  1.00834  0.01089
 1.00732 -0.00802  0.00645  0.00643  0.00050  0.00088  1.00951  0.00191
 1.00871 -0.01690  0.00551  0.00647  0.00185  0.00255  1.00787 -0.01062
 1.00872  0.00780  0.00367  0.00619  0.00339  0.00395  1.00923  0.00744
 1.00820  0.00218  0.00211  0.00383  0.00416  0.00436  1.00646 -0.00549
 1.00591  0.00199  0.00027  0.00090  0.00508  0.00363  1.00245 -0.00835
 1.00237 -0.00053 -0.00113 -0.00212  0.00512  0.00278  0.99694 -0.01053
 1.00035 -0.00343 -0.00322 -0.00513  0.00456  0.00143  0.99065 -0.00977
 0.99866 -0.01398 -0.00404 -0.00659  0.00306  0.00027  0.98445 -0.01546
 0.99609 -0.00685 -0.00459 -0.00655  0.00084 -0.00020  0.98373 -0.00443
 0.98977 -0.00818 -0.00500 -0.00585 -0.00132 -0.00051  0.98210 -0.00580
 0.98433  0.01143 -0.00398 -0.00396 -0.00285 -0.00124  0.98431  0.01213
 0.98468  0.00387 -0.00207 -0.00260 -0.00400 -0.00213  0.99141  0.00254
 0.98417  0.00052  0.00095 -0.00112 -0.00365 -0.00323  0.99273 -0.00108
 0.99315 -0.01464  0.00356  0.00138 -0.00320 -0.00342  1.00223 -0.01386
# 
 0.98722  0.01476  0.01280  0.00470 -0.00428 -0.00894  1.00623  0.02733
 0.99847  0.09031  0.01341  0.01033 -0.00143 -0.00558  1.00040  0.12069
 1.01330  0.01118  0.01227  0.01369  0.00012  0.00126  1.00617  0.04508
 1.01910  0.01135  0.00847  0.01581  0.00222  0.00712  1.01019  0.03280
 1.01043  0.05771  0.00500  0.01460  0.00514  0.01040  1.00848  0.05588
 1.00885  0.04760  0.00164  0.00932  0.00762  0.01009  1.01090  0.02344
 1.00527  0.02058 -0.00004  0.00099  0.01005  0.00713  1.00748 -0.01507
 1.00053  0.00806 -0.00211 -0.00686  0.01014  0.00304  0.99464 -0.02110
 0.99895  0.02612 -0.00486 -0.01296  0.00920  0.00006  0.98085  0.01337
 0.99862  0.03688 -0.00761 -0.01508  0.00556 -0.00065  0.96795  0.04267
 0.99067  0.01340 -0.01061 -0.01384  0.00116 -0.00029  0.95904  0.03027
 0.97620  0.08793 -0.01102 -0.01069 -0.00391 -0.00004  0.95692  0.10010
 0.96252  0.08950 -0.00997 -0.00763 -0.00787 -0.00077  0.96423  0.09110
 0.95169  0.12775 -0.00554 -0.00449 -0.00882 -0.00446  0.97310  0.11738
 0.95769  0.09332  0.00145 -0.00174 -0.00849 -0.00785  0.98965  0.07986
 0.97398  0.05906  0.00775  0.00141 -0.00640 -0.01041  1.00351  0.05369
# 
 0.97323  0.11785  0.02137  0.00548 -0.00525 -0.02084  1.00146  0.14176
 0.99210  0.18536  0.02144  0.01574 -0.00116 -0.01235  0.97799  0.24987
 1.02650  0.07220  0.01818  0.02276  0.00017  0.00113  0.99636  0.15153
 1.02950  0.07439  0.01097  0.02942  0.00208  0.01449  1.00364  0.12549
 1.00711  0.16189  0.00312  0.02782  0.00455  0.02173  1.00347  0.15869
 1.00354  0.12645  0.00136  0.01720  0.00983  0.02024  1.02185  0.06973
 0.99843  0.08643  0.00004  0.00096  0.01599  0.01057  1.01703  0.00451
 0.99565  0.07917 -0.00211 -0.01408  0.01774  0.00077  0.99606  0.01493
 0.99306  0.09862 -0.00465 -0.02491  0.01517 -0.00487  0.96303  0.07910
 0.99877  0.09110 -0.01009 -0.02702  0.01019 -0.00450  0.93887  0.11686
 0.98914  0.06326 -0.01712 -0.02202  0.00093 -0.00074  0.92515  0.11292
 0.95619  0.18591 -0.01950 -0.01681 -0.00861  0.00186  0.91145  0.21853
 0.92468  0.19234 -0.01823 -0.00943 -0.01467  0.00153  0.92763  0.19476
 0.89012  0.27254 -0.01037 -0.00638 -0.01582 -0.00584  0.94158  0.24751
 0.90484  0.22785  0.00112 -0.00275 -0.01222 -0.01385  0.97733  0.18880
 0.93810  0.19526  0.01290  0.00130 -0.00946 -0.02037  0.99830  0.17763
# 
 0.90940  0.30734  0.03478  0.00456 -0.00274 -0.03856  0.94701  0.34854
 0.94852  0.34210  0.03238  0.02201  0.00141 -0.02376  0.89465  0.46070
 1.01838  0.22231  0.02330  0.03691 -0.00097  0.00074  0.93580  0.37586
 1.00927  0.24850  0.00822  0.04901 -0.00004  0.02495  0.94362  0.34771
 0.96607  0.33259 -0.00330  0.04749  0.00133  0.03893  0.96203  0.32582
 0.97045  0.29440 -0.00232  0.03066  0.01226  0.03606  1.01832  0.18062
 0.97311  0.22909 -0.00167  0.00227  0.02212  0.01584  1.02293  0.06290
 0.96054  0.25181 -0.00032 -0.02604  0.02532 -0.00281  0.98373  0.12626
 0.96298  0.23847 -0.00244 -0.04441  0.02330 -0.01288  0.92042  0.20784
 0.99430  0.18373 -0.01206 -0.04614  0.01513 -0.01126  0.88744  0.24947
 0.97700  0.18942 -0.02321 -0.03599  0.00058 -0.00063  0.85275  0.29596
 0.91386  0.30232 -0.03113 -0.02321 -0.01614  0.00780  0.82858  0.37456
 0.83519  0.36799 -0.03199 -0.01076 -0.02615  0.00653  0.83977  0.37158
 0.77323  0.45636 -0.01920 -0.00714 -0.02548 -0.00709  0.87615  0.40252
 0.79369  0.42975  0.00118 -0.00385 -0.01649 -0.02296  0.93918  0.34933
 0.84572  0.38590  0.02271 -0.00260 -0.00833 -0.03793  0.96150  0.34042
# 
 0.71736  0.59782  0.05320  0.00284  0.00579 -0.06882  0.75923  0.66140
 0.81356  0.56774  0.04457  0.02768  0.00825 -0.04175  0.67708  0.77618
 0.94593  0.44925  0.02500  0.05681 -0.00221  0.00078  0.75303  0.72989
 0.90367  0.50550 -0.00097  0.08163 -0.00728  0.04322  0.75863  0.68700
 0.82885  0.58677 -0.01520  0.07876 -0.00518  0.06875  0.82144  0.57504
 0.83521  0.60341 -0.01068  0.05016  0.01313  0.06226  0.94434  0.39214
 0.87632  0.54801 -0.00207  0.00208  0.02923  0.02453  0.99117  0.23383
 0.84273  0.56933  0.00417 -0.04632  0.03315 -0.01223  0.91304  0.33759
 0.85177  0.51082  0.00441 -0.07758  0.03384 -0.03036  0.79678  0.46611
 0.92084  0.41611 -0.00988 -0.07861  0.02219 -0.02432  0.73857  0.55407
 0.90326  0.41522 -0.02855 -0.05415  0.00106 -0.00098  0.67135  0.62118
 0.78339  0.52920 -0.04773 -0.02792 -0.02836  0.01807  0.61799  0.66388
 0.64146  0.61388 -0.05297 -0.01020 -0.04232  0.01911  0.64994  0.61992
 0.51520  0.72303 -0.03213 -0.00685 -0.03839 -0.00461  0.71163  0.62239
 0.53804  0.72008  0.00320 -0.00630 -0.01910 -0.03660  0.81235  0.57055
 0.61958  0.68386  0.03562 -0.00800 -0.00577 -0.06556  0.82775  0.59531
# 
 0.24203  0.90473  0.07044 -0.00478  0.02327 -0.10604  0.28137  0.99885
 0.42950  0.81335  0.05350  0.02885  0.01842 -0.06630  0.16384  1.13438
 0.62523  0.73294  0.01867  0.07780 -0.00261 -0.00193  0.25737  1.16161
 0.52944  0.80348 -0.02541  0.11924 -0.01870  0.06655  0.25829  1.08465
 0.42514  0.93053 -0.03698  0.11866 -0.01491  0.10674  0.42054  0.91218
 0.42962  1.04129 -0.02466  0.07361  0.00889  0.09576  0.63945  0.69248
 0.55128  1.04066 -0.00317  0.00016  0.03115  0.03382  0.77162  0.51886
 0.45221  1.05508  0.01481 -0.07329  0.03752 -0.02544  0.61203  0.67952
 0.46842  0.94111  0.02382 -0.12066  0.04234 -0.05499  0.41095  0.87699
 0.60930  0.76690  0.00687 -0.11901  0.03101 -0.03892  0.32334  0.99822
 0.60165  0.72688 -0.02316 -0.07698  0.00019 -0.00070  0.20813  1.05033
 0.41333  0.80776 -0.05982 -0.02685 -0.03964  0.03460  0.13508  1.02719
 0.12825  0.93005 -0.07431 -0.00549 -0.06460  0.03413  0.14305  0.93834
-0.07539  1.00892 -0.04921 -0.00540 -0.05062  0.00084  0.26142  0.86542
-0.00405  1.03832  0.00384 -0.00683 -0.01644 -0.05292  0.45391  0.80895
 0.10730  1.01756  0.05312 -0.01436  0.00903 -0.10267  0.44036  0.86550
# 
-0.39529  0.85341  0.05806 -0.01375  0.03646 -0.10754 -0.38432  0.93860
-0.15611  0.73695  0.03744  0.01226  0.02355 -0.06582 -0.48188  1.04767
 0.03760  0.69553 -0.00299  0.06606 -0.00059 -0.00219 -0.40315  1.10815
-0.09534  0.76596 -0.04767  0.10929 -0.02612  0.06003 -0.41763  1.03688
-0.21678  0.95774 -0.04917  0.11215 -0.02384  0.10506 -0.21917  0.93708
-0.24811  1.10426 -0.03385  0.07018 -0.00717  0.09822  0.01935  0.75922
-0.03541  1.18677 -0.00409 -0.00181  0.01816  0.03374  0.23976  0.64569
-0.16621  1.17272  0.02048 -0.07470  0.02132 -0.03322  0.04418  0.78663
-0.15395  1.04828  0.04012 -0.11839  0.03438 -0.05751 -0.18809  0.98495
 0.05701  0.83808  0.02027 -0.12084  0.02443 -0.04175 -0.22893  1.08861
 0.03608  0.73342 -0.00125 -0.06810 -0.00117  0.00121 -0.39957  1.04627
-0.15735  0.78085 -0.04412 -0.01347 -0.03797  0.03526 -0.46170  0.99992
-0.48473  0.85818 -0.06672  0.00290 -0.06017  0.03893 -0.47317  0.86910
-0.68911  0.84706 -0.04483 -0.00222 -0.04039  0.01021 -0.32635  0.72142
-0.61527  0.89305  0.00444 -0.00641 -0.00047 -0.04693 -0.11529  0.69236
-0.51615  0.94077  0.04428 -0.01957  0.02386 -0.10239 -0.17158  0.78819
# 
-0.74879  0.58142  0.03550 -0.01371  0.04093 -0.07834 -0.76326  0.64046
-0.48625  0.51306  0.01574 -0.00274  0.02220 -0.05287 -0.79499  0.74581
-0.32659  0.48132 -0.01950  0.04313 -0.00148 -0.00249 -0.75436  0.77407
-0.45799  0.53916 -0.05261  0.08229 -0.02215  0.04564 -0.75209  0.73844
-0.59951  0.76758 -0.05102  0.08249 -0.02618  0.08117 -0.59802  0.75156
-0.62553  0.87183 -0.02943  0.05159 -0.01372  0.07894 -0.36853  0.60107
-0.37214  1.02753 -0.00296 -0.00207  0.00268  0.02538 -0.11147  0.58103
-0.55568  0.97995  0.02249 -0.05964  0.00342 -0.03005 -0.33037  0.67645
-0.54306  0.89410  0.04443 -0.09150  0.01818 -0.04635 -0.54710  0.84464
-0.29439  0.71705  0.02772 -0.09837  0.01189 -0.03499 -0.52749  0.92442
-0.27696  0.55596  0.01378 -0.04555 -0.00060  0.00101 -0.65344  0.80421
-0.48107  0.57749 -0.02265  0.00127 -0.02753  0.03035 -0.74890  0.74390
-0.81063  0.56912 -0.04604  0.00578 -0.04569  0.03263 -0.80276  0.57830
-0.93679  0.47831 -0.03092  0.00223 -0.02517  0.01375 -0.62603  0.41168
-0.83251  0.55376  0.00429 -0.00320  0.01222 -0.03150 -0.40799  0.42767
-0.79687  0.64419  0.02906 -0.01677  0.03068 -0.08155 -0.51150  0.53937
# 
-0.91185  0.33795  0.01659 -0.01300  0.04265 -0.05494 -0.94718  0.37685
-0.64100  0.32371 -0.00347 -0.01556  0.01946 -0.03972 -0.93745  0.48623
-0.47866  0.28477 -0.02989  0.02340  0.00083 -0.00252 -0.88131  0.47235
-0.63881  0.33992 -0.05421  0.05987 -0.01720  0.03283 -0.91555  0.47503
-0.82992  0.55833 -0.05122  0.05739 -0.02914  0.05742 -0.82619  0.54575
-0.80345  0.66789 -0.02332  0.03775 -0.01470  0.06365 -0.55443  0.45844
-0.57221  0.84571 -0.00396 -0.00281 -0.00816  0.02147 -0.29912  0.48550
-0.73930  0.81172  0.01792 -0.04705 -0.01332 -0.02655 -0.50962  0.56426
-0.75394  0.75415  0.04705 -0.07023  0.00820 -0.03382 -0.73515  0.71248
-0.49296  0.58403  0.03514 -0.07899  0.00360 -0.02396 -0.69829  0.74766
-0.43103  0.38574  0.02593 -0.03044  0.00164  0.00276 -0.76935  0.55931
-0.63720  0.38448 -0.00356  0.01101 -0.01761  0.02560 -0.87992  0.49937
-0.96088  0.30459 -0.03054  0.00503 -0.03604  0.02373 -0.95579  0.31303
-0.99470  0.18454 -0.01871  0.00375 -0.00997  0.02063 -0.72570  0.16388
-0.87807  0.25574  0.00261 -0.00067  0.01913 -0.01767 -0.51192  0.20309
-0.90987  0.37015  0.01743 -0.01423  0.03500 -0.06503 -0.66789  0.30563
# 
-1.04785  0.05383 -0.00258 -0.00927  0.04792 -0.03078 -1.10360  0.07273
-0.74763  0.12900 -0.02369 -0.03021  0.01268 -0.02872 -1.05298  0.21946
-0.54100  0.09956 -0.03863  0.00603  0.00134 -0.00362 -0.93978  0.18461
-0.74787  0.12671 -0.05384  0.04599 -0.00788  0.02392 -1.02339  0.19496
-1.02630  0.35956 -0.05206  0.03271 -0.03360  0.03602 -1.02217  0.35085
-0.96457  0.44563 -0.01463  0.02980 -0.01570  0.05386 -0.69847  0.29895
-0.73235  0.66661 -0.00248 -0.00258 -0.01817  0.01770 -0.42073  0.37725
-0.91076  0.65562  0.01369 -0.03657 -0.03167 -0.02257 -0.65699  0.45550
-0.94447  0.65695  0.05292 -0.05099  0.00136 -0.01941 -0.90631  0.61911
-0.64106  0.45210  0.04046 -0.06899 -0.00332 -0.01583 -0.83592  0.57173
-0.51562  0.20023  0.03717 -0.01838  0.00042  0.00443 -0.85412  0.29251
-0.75353  0.15536  0.01492  0.02382 -0.00854  0.01910 -0.98995  0.20794
-1.07247  0.00173 -0.01369  0.00215 -0.02554  0.01128 -1.07408  0.01033
-1.00338 -0.08878 -0.00639  0.00828  0.00470  0.03023 -0.76392 -0.06210
-0.86156 -0.00612  0.00394  0.00155  0.02700 -0.00448 -0.52981  0.01029
-0.95296 -0.00956  0.00367 -0.01254  0.04109 -0.04537 -0.73878 -0.00817
# 
-1.12366 -0.31077 -0.02304 -0.00356  0.04459  0.00574 -1.19665 -0.31647
-0.79527 -0.14525 -0.04667 -0.05101  0.00060 -0.01527 -1.10670 -0.15144
-0.52481 -0.12388 -0.04501 -0.01197 -0.00015 -0.00457 -0.91449 -0.16803
-0.79993 -0.13852 -0.05204  0.03331  0.00784  0.01328 -1.07465 -0.14860
-1.22549  0.04828 -0.04760 -0.00307 -0.03419  0.00373 -1.21597  0.04124
-1.10841  0.12105  0.00091  0.01972 -0.01208  0.04459 -0.81127  0.05787
-0.89368  0.38057 -0.00326 -0.00296 -0.02692  0.01224 -0.51906  0.18989
-1.10451  0.41932  0.00124 -0.02243 -0.05580 -0.01831 -0.80421  0.27960
-1.18782  0.50059  0.06379 -0.02034 -0.00097 -0.00028 -1.12896  0.46289
-0.80447  0.21765  0.04420 -0.05347 -0.01525 -0.00331 -1.00685  0.27806
-0.52976 -0.05076  0.04852  0.00102  0.00472  0.00379 -0.86874 -0.06239
-0.80164 -0.13420  0.03731  0.04239  0.01150  0.01265 -1.03409 -0.14752
-1.13458 -0.35968  0.00595 -0.00712 -0.01183 -0.01008 -1.13870 -0.34801
-0.92985 -0.44599  0.01490  0.01576  0.02122  0.04362 -0.72603 -0.35448
-0.72918 -0.35249  0.00452  0.00670  0.03449  0.00784 -0.44485 -0.23128
-0.90347 -0.35659 -0.01354 -0.01873  0.03677 -0.03589 -0.72731 -0.30142
# 
-0.99349 -0.73597 -0.05304  0.02137  0.03314  0.05920 -1.07334 -0.77159
-0.62317 -0.54002 -0.06415 -0.07491 -0.02597 -0.00084 -0.88209 -0.69299
-0.32204 -0.42654 -0.04208 -0.03303  0.00141 -0.00070 -0.62930 -0.65118
-0.66681 -0.49944 -0.03012  0.01433  0.03876  0.00294 -0.90462 -0.63665
-1.22470 -0.43512 -0.03061 -0.05631 -0.02631 -0.04700 -1.21547 -0.43715
-1.04654 -0.41003  0.03132  0.00559  0.00224  0.02282 -0.75948 -0.34037
-0.93856 -0.16853 -0.00267  0.00226 -0.03523  0.00488 -0.51944 -0.16890
-1.18929 -0.10736 -0.01978  0.00249 -0.07961 -0.01207 -0.86144 -0.11507
-1.36130  0.09604  0.07878  0.03221  0.00598  0.03665 -1.28244  0.06865
-0.84395 -0.20892  0.03730 -0.02454 -0.03637  0.01545 -1.03226 -0.24500
-0.38806 -0.40765  0.05164  0.02143  0.00552  0.00422 -0.67801 -0.56838
-0.65394 -0.54371  0.06167  0.06331  0.03838 -0.00013 -0.83037 -0.65219
-0.95437 -0.81197  0.03480 -0.03008  0.00831 -0.04627 -0.96032 -0.80196
-0.57896 -0.84528  0.03795  0.02484  0.04602  0.05473 -0.45662 -0.68632
-0.35975 -0.71267  0.00551  0.01082  0.03670  0.02469 -0.18635 -0.48212
-0.53911 -0.80350 -0.04015 -0.02494  0.01850 -0.01527 -0.44782 -0.67731
# 
-0.51415 -0.95965 -0.06326  0.04469  0.00708  0.10505 -0.56601 -1.00903
-0.16041 -0.78075 -0.05886 -0.07933 -0.04921  0.01299 -0.25930 -1.02050
 0.06464 -0.58448 -0.01711 -0.04190  0.00012  0.00063 -0.02375 -0.93470
-0.23529 -0.76699  0.00816 -0.00329  0.06440 -0.00563 -0.34055 -0.99083
-0.79250 -0.80297  0.00469 -0.10118 -0.01044 -0.09337 -0.78806 -0.80282
-0.62523 -0.85292  0.06268 -0.00610  0.02462 -0.00498 -0.43501 -0.66988
-0.63198 -0.73022 -0.00187  0.00362 -0.02814 -0.01092 -0.31139 -0.51266
-0.88331 -0.68185 -0.04052  0.02657 -0.08185 -0.00175 -0.64251 -0.54402
-1.08551 -0.52769  0.05741  0.09801  0.01965  0.06886 -1.01469 -0.52286
-0.58219 -0.61827  0.01206  0.01224 -0.04590  0.02487 -0.69789 -0.74161
-0.06513 -0.63475  0.02715  0.03980  0.00834  0.00449 -0.20373 -0.89077
-0.21092 -0.80949  0.06482  0.06726  0.05943 -0.00442 -0.26757 -0.97104
-0.41714 -1.00358  0.05410 -0.05090  0.02652 -0.07419 -0.42332 -0.99986
 0.08797 -0.96997  0.05506  0.03358  0.04877  0.05855  0.07307 -0.79874
 0.20813 -0.83099  0.00455  0.01211  0.01830  0.03392  0.20531 -0.56413
 0.04530 -0.96108 -0.05607 -0.03106 -0.01438 -0.00089  0.01939 -0.81250
# 
