# Jones matrix for 2164 MHz, dr=0.05 degrees, dtheta=22.5 degrees
# Array shape (radius,theta,pol): (13, 16, 4)
 1.00390 -0.01262 -0.00304 -0.00273  0.00076  0.00212  1.00091 -0.01810
 1.00722  0.00838 -0.00395 -0.00402 -0.00034  0.00099  1.00473  0.00270
 1.00698 -0.00138 -0.00344 -0.00446 -0.00098 -0.00044  1.00573 -0.00527
 1.00507 -0.01052 -0.00340 -0.00413 -0.00146 -0.00118  1.00440 -0.01235
 1.00274  0.00568 -0.00255 -0.00315 -0.00215 -0.00239  1.00631  0.00635
 1.00066 -0.00420 -0.00136 -0.00217 -0.00239 -0.00346  1.00432 -0.00104
 0.99784 -0.00736  0.00015  0.00008 -0.00250 -0.00282  1.00216 -0.00211
 0.99618 -0.00755  0.00133  0.00184 -0.00193 -0.00250  1.00158 -0.00090
 0.99585 -0.01382  0.00271  0.00350 -0.00158 -0.00201  0.99942 -0.00714
 0.99635 -0.01779  0.00293  0.00477 -0.00115 -0.00085  0.99651 -0.01220
 0.99817 -0.00362  0.00307  0.00476 -0.00047  0.00088  0.99751 -0.00018
 0.99701 -0.00571  0.00252  0.00448  0.00028  0.00142  0.99477 -0.00391
 0.99552  0.01111  0.00154  0.00363  0.00076  0.00254  0.99394  0.01121
 0.99925  0.00446  0.00023  0.00226  0.00129  0.00279  0.99610  0.00244
 0.99934  0.00698 -0.00103  0.00052  0.00123  0.00316  0.99386  0.00390
 1.00623 -0.01319 -0.00269 -0.00115  0.00161  0.00311  0.99967 -0.01827
# 
 1.00889  0.00693 -0.00561 -0.00552  0.00217  0.00465  1.00119 -0.00511
 1.00677  0.07651 -0.00636 -0.00805  0.00064  0.00248  1.00040  0.06360
 1.01049  0.00896 -0.00731 -0.00913 -0.00118 -0.00052  1.00385 -0.00142
 1.00942 -0.00290 -0.00681 -0.00926 -0.00295 -0.00340  1.00704 -0.00861
 1.00208  0.02441 -0.00448 -0.00716 -0.00366 -0.00573  1.00588  0.02551
 0.99907  0.00071 -0.00236 -0.00433 -0.00479 -0.00675  1.00650  0.00857
 0.99571 -0.02945  0.00101 -0.00025 -0.00426 -0.00666  1.00695 -0.01812
 0.98943 -0.02503  0.00364  0.00363 -0.00350 -0.00502  1.00155 -0.01217
 0.99040 -0.01175  0.00589  0.00721 -0.00201 -0.00355  0.99960  0.00026
 0.99252  0.01819  0.00652  0.00913 -0.00137 -0.00143  0.99535  0.02827
 0.99093  0.00438  0.00624  0.00981 -0.00046  0.00117  0.99049  0.01047
 0.98872  0.07008  0.00448  0.00882  0.00050  0.00292  0.98757  0.07260
 0.98827  0.06526  0.00264  0.00692  0.00162  0.00491  0.98571  0.06602
 0.98854  0.10197  0.00016  0.00392  0.00214  0.00638  0.98332  0.09902
 0.99650  0.07295 -0.00196  0.00059  0.00354  0.00674  0.99040  0.06643
 1.00704  0.03175 -0.00400 -0.00221  0.00368  0.00576  0.99907  0.02288
# 
 1.01359  0.06887 -0.00785 -0.00825  0.00448  0.00746  1.00143  0.04963
 1.00984  0.13728 -0.00861 -0.01292  0.00185  0.00395  0.99728  0.11500
 1.01804  0.04773 -0.01074 -0.01487 -0.00117 -0.00082  1.00450  0.02907
 1.01330  0.02414 -0.01011 -0.01423 -0.00413 -0.00572  1.00786  0.01382
 1.00311  0.07607 -0.00683 -0.01234 -0.00604 -0.00966  1.00786  0.07729
 0.99768  0.00721 -0.00375 -0.00698 -0.00736 -0.01125  1.01340  0.01938
 0.98878 -0.03397  0.00150 -0.00040 -0.00720 -0.01003  1.01152 -0.01516
 0.98590 -0.02118  0.00672  0.00613 -0.00497 -0.00752  1.00568  0.00029
 0.98482  0.00833  0.00980  0.01151 -0.00306 -0.00494  0.99758  0.02716
 0.98888  0.03110  0.01113  0.01415 -0.00175 -0.00168  0.99254  0.04395
 0.98794  0.02707  0.00995  0.01471 -0.00004  0.00137  0.98522  0.03418
 0.98148  0.13075  0.00629  0.01349  0.00072  0.00462  0.97551  0.13250
 0.97831  0.12875  0.00349  0.01001  0.00149  0.00756  0.97266  0.12797
 0.96840  0.19591 -0.00011  0.00607  0.00251  0.00953  0.96486  0.19234
 0.98854  0.14240 -0.00215  0.00105  0.00449  0.01044  0.98291  0.13485
 1.00697  0.11241 -0.00568 -0.00428  0.00590  0.00996  0.99718  0.09952
# 
 1.00642  0.16953 -0.01012 -0.01185  0.00639  0.01138  0.98967  0.14254
 1.00043  0.22909 -0.01155 -0.01763  0.00299  0.00644  0.97965  0.19395
 1.01804  0.13475 -0.01424 -0.02100 -0.00136 -0.00145  0.99690  0.10383
 1.00906  0.11639 -0.01355 -0.02187 -0.00600 -0.00927  0.99795  0.09919
 0.99470  0.14066 -0.00982 -0.01896 -0.00902 -0.01472  1.00275  0.14284
 0.99455  0.04273 -0.00524 -0.01032 -0.01086 -0.01600  1.01945  0.06247
 0.98192 -0.03048  0.00252 -0.00041 -0.01016 -0.01316  1.01774 -0.00193
 0.97648  0.01283  0.01051  0.00905 -0.00645 -0.01013  1.00958  0.04498
 0.97636  0.04372  0.01559  0.01626 -0.00306 -0.00621  0.99523  0.06992
 0.98945  0.03944  0.01685  0.01908 -0.00117 -0.00164  0.99004  0.05644
 0.98569  0.09268  0.01438  0.02029  0.00010  0.00249  0.97642  0.09938
 0.97242  0.18320  0.00861  0.01907  0.00034  0.00645  0.96319  0.18315
 0.95649  0.22512  0.00372  0.01428  0.00153  0.00990  0.94902  0.22400
 0.94885  0.27705 -0.00118  0.00818  0.00270  0.01324  0.94535  0.27362
 0.97101  0.23737 -0.00394  0.00105  0.00596  0.01457  0.96847  0.23020
 0.99617  0.19814 -0.00751 -0.00515  0.00859  0.01495  0.98786  0.18112
# 
 0.98093  0.30650 -0.01244 -0.01481  0.00959  0.01778  0.95809  0.26742
 0.98082  0.34550 -0.01405 -0.02387  0.00514  0.01060  0.95048  0.29301
 1.01269  0.25097 -0.01810 -0.02844 -0.00085 -0.00149  0.97744  0.20649
 0.99376  0.23940 -0.01695 -0.03126 -0.00831 -0.01415  0.97597  0.21262
 0.97645  0.21060 -0.01432 -0.02680 -0.01267 -0.02170  0.98527  0.21337
 0.97817  0.11356 -0.00734 -0.01559 -0.01510 -0.02259  1.01510  0.14186
 0.97048  0.01986  0.00372 -0.00083 -0.01405 -0.01780  1.02845  0.05939
 0.96141  0.07390  0.01590  0.01352 -0.00779 -0.01304  1.01161  0.11951
 0.95971  0.11072  0.02237  0.02272 -0.00312 -0.00695  0.98776  0.14627
 0.98322  0.12065  0.02423  0.02588 -0.00101 -0.00117  0.98227  0.13860
 0.97594  0.19725  0.01950  0.02690 -0.00062  0.00291  0.95803  0.19969
 0.95446  0.29067  0.01118  0.02423 -0.00049  0.00795  0.93498  0.28551
 0.92984  0.33080  0.00396  0.01803  0.00066  0.01275  0.91820  0.32842
 0.91489  0.38062 -0.00187  0.00985  0.00307  0.01684  0.91594  0.38055
 0.93481  0.35378 -0.00506  0.00167  0.00763  0.02049  0.93757  0.34846
 0.97065  0.31773 -0.00889 -0.00647  0.01161  0.02093  0.96481  0.29855
# 
 0.91921  0.46288 -0.01516 -0.01759  0.01407  0.02606  0.89281  0.41078
 0.93188  0.49243 -0.01752 -0.03045  0.00778  0.01599  0.88775  0.41741
 0.97522  0.42422 -0.02171 -0.03875  0.00002 -0.00163  0.92477  0.35146
 0.94328  0.39895 -0.02160 -0.04407 -0.01074 -0.02074  0.91630  0.35926
 0.93198  0.31677 -0.02008 -0.03865 -0.01911 -0.03166  0.94397  0.32126
 0.93717  0.22137 -0.01047 -0.02195 -0.02142 -0.03076  0.99402  0.26354
 0.94651  0.11451  0.00582 -0.00159 -0.01837 -0.02256  1.03021  0.16653
 0.92227  0.20975  0.02182  0.01993 -0.00973 -0.01634  0.99156  0.27366
 0.91682  0.25183  0.03149  0.03230 -0.00295 -0.00705  0.95435  0.30066
 0.95256  0.27324  0.03183  0.03573  0.00085  0.00018  0.94555  0.29456
 0.94371  0.36855  0.02380  0.03635 -0.00006  0.00493  0.91349  0.36631
 0.90940  0.43847  0.01407  0.03085 -0.00124  0.00868  0.87798  0.42621
 0.85004  0.50823  0.00285  0.02194 -0.00084  0.01464  0.83772  0.50416
 0.82195  0.55835 -0.00347  0.01201  0.00229  0.02090  0.82830  0.56322
 0.86816  0.50981 -0.00786  0.00190  0.00964  0.02578  0.88163  0.51144
 0.91447  0.46908 -0.01166 -0.00750  0.01542  0.02839  0.91270  0.44586
# 
 0.76445  0.67173 -0.01823 -0.01949  0.01959  0.03759  0.73305  0.60345
 0.80567  0.68904 -0.02172 -0.03737  0.01231  0.02555  0.74136  0.58535
 0.86050  0.63226 -0.02523 -0.05186 -0.00025 -0.00200  0.79049  0.52954
 0.80841  0.61029 -0.02399 -0.06095 -0.01336 -0.03140  0.76804  0.55159
 0.80572  0.48930 -0.02749 -0.05445 -0.02675 -0.04531  0.82041  0.49401
 0.81093  0.42898 -0.01333 -0.03406 -0.02654 -0.04381  0.88842  0.48894
 0.86660  0.30181  0.00827 -0.00195 -0.02368 -0.02950  0.98142  0.37013
 0.81398  0.40035  0.03059  0.02974 -0.01051 -0.01783  0.91238  0.48820
 0.80344  0.45554  0.04260  0.04497 -0.00177 -0.00392  0.84838  0.51824
 0.87693  0.46369  0.04361  0.04650  0.00255  0.00294  0.85745  0.48568
 0.83482  0.61357  0.02818  0.04803  0.00016  0.00729  0.78196  0.59624
 0.78998  0.65302  0.01487  0.03882 -0.00312  0.01076  0.73823  0.62841
 0.68670  0.71452  0.00181  0.02498 -0.00400  0.01576  0.67027  0.70711
 0.63285  0.76371 -0.00563  0.01336  0.00098  0.02584  0.64943  0.77986
 0.68860  0.72231 -0.01029  0.00273  0.01007  0.03315  0.71777  0.73541
 0.75930  0.68104 -0.01400 -0.00779  0.02076  0.03819  0.76963  0.66104
# 
 0.40558  0.89952 -0.02152 -0.01799  0.02417  0.05315  0.37304  0.81531
 0.51659  0.89897 -0.02542 -0.04010  0.01612  0.03755  0.42975  0.76427
 0.57490  0.86943 -0.02601 -0.06156  0.00184 -0.00212  0.48132  0.73747
 0.51434  0.81120 -0.02655 -0.07772 -0.01601 -0.04657  0.45794  0.73332
 0.50687  0.70987 -0.03366 -0.07534 -0.03530 -0.06376  0.52486  0.71544
 0.52174  0.65872 -0.01501 -0.04679 -0.03203 -0.05632  0.62151  0.73477
 0.66419  0.53786  0.01124 -0.00068 -0.02913 -0.03463  0.81953  0.62148
 0.55218  0.65793  0.03901  0.04323 -0.00876 -0.01840  0.67761  0.76928
 0.53284  0.73404  0.05321  0.06099  0.00218  0.00045  0.58226  0.80826
 0.67211  0.72785  0.05155  0.05765  0.00368  0.00966  0.63777  0.75213
 0.63469  0.84160  0.03161  0.05483  0.00024  0.00906  0.55055  0.81538
 0.51988  0.90858  0.01580  0.04248 -0.00513  0.00871  0.44649  0.86767
 0.31402  0.95458 -0.00187  0.02570 -0.00850  0.01389  0.29456  0.94341
 0.24300  0.95340 -0.00833  0.01047 -0.00303  0.02625  0.27314  0.98805
 0.34952  0.90492 -0.01170  0.00188  0.00929  0.03915  0.40109  0.94092
 0.43785  0.88638 -0.01792 -0.00609  0.01995  0.04763  0.46403  0.87874
# 
-0.14018  0.98769 -0.02163 -0.00877  0.02537  0.06570 -0.16693  0.90531
 0.03970  1.00081 -0.02569 -0.03470  0.01856  0.04968 -0.05512  0.85236
 0.11803  0.96862 -0.02085 -0.06377  0.00348 -0.00033  0.01247  0.81844
 0.02507  0.91780 -0.02106 -0.08520 -0.01438 -0.05728 -0.04123  0.82969
-0.01078  0.87491 -0.03025 -0.09053 -0.03666 -0.07658  0.00628  0.88213
 0.06799  0.82234 -0.01569 -0.05846 -0.03137 -0.06373  0.17826  0.90833
 0.28307  0.77474  0.01303 -0.00081 -0.02713 -0.03559  0.45650  0.87007
 0.13920  0.87669  0.04436  0.05525 -0.00631 -0.00931  0.27872  0.99614
 0.08967  0.97728  0.05871  0.07077  0.00689  0.01171  0.13963  1.05359
 0.27930  0.97461  0.05068  0.05933  0.00708  0.01635  0.22532  0.99304
 0.22796  1.02548  0.03057  0.05648 -0.00050  0.00814  0.12200  0.97771
 0.07044  1.06985  0.01104  0.04033 -0.00875  0.00294 -0.01679  1.01728
-0.24187  1.04777 -0.00720  0.01681 -0.01437  0.00372 -0.25980  1.03384
-0.27789  0.97164 -0.00896  0.00532 -0.00577  0.02305 -0.23596  1.02272
-0.13007  0.92820 -0.01199  0.00308  0.00521  0.03852 -0.06208  0.98837
-0.07246  0.97282 -0.02054 -0.00031  0.01817  0.05291 -0.02801  0.97338
# 
-0.69097  0.81660 -0.01934  0.00507  0.01817  0.06822 -0.70179  0.75047
-0.45155  0.87864 -0.02007 -0.02124  0.01610  0.05520 -0.53532  0.74931
-0.33207  0.83749 -0.01229 -0.04810  0.00409 -0.00028 -0.42505  0.69805
-0.46094  0.78877 -0.00736 -0.07386 -0.00756 -0.05936 -0.52320  0.71275
-0.53376  0.83139 -0.02313 -0.09064 -0.03130 -0.08008 -0.52320  0.83704
-0.39464  0.80449 -0.01336 -0.06019 -0.02428 -0.05893 -0.30199  0.87748
-0.12497  0.83571  0.01290  0.00252 -0.01844 -0.02880  0.02895  0.92576
-0.28900  0.93235  0.04129  0.05555 -0.00115  0.00127 -0.16732  1.03131
-0.34638  1.04975  0.05362  0.06951  0.01444  0.02169 -0.31043  1.11414
-0.14504  1.01430  0.03719  0.05147  0.00791  0.02453 -0.20572  1.02307
-0.20843  0.96228  0.01666  0.04316  0.00044  0.01006 -0.31786  0.90126
-0.42862  0.97564  0.00310  0.02776 -0.00763 -0.00436 -0.50926  0.90946
-0.77149  0.85236 -0.01102  0.00065 -0.01540 -0.00986 -0.78298  0.84030
-0.71756  0.74147 -0.00608 -0.00387 -0.00492  0.01130 -0.66915  0.80284
-0.52084  0.74036 -0.01010  0.00063  0.00235  0.02939 -0.44321  0.81718
-0.62131  0.73586 -0.01966  0.00486  0.00259  0.04286 -0.56676  0.75519
# 
-0.99694  0.50722 -0.01702  0.02145  0.00949  0.06100 -0.99394  0.46635
-0.74772  0.62276 -0.01345 -0.00516  0.00809  0.05477 -0.80497  0.52785
-0.58044  0.59315 -0.00116 -0.02989  0.00264  0.00244 -0.65558  0.49032
-0.73839  0.55275  0.00415 -0.05401 -0.00097 -0.05517 -0.78572  0.50136
-0.86326  0.64180 -0.01351 -0.08223 -0.02249 -0.07504 -0.85795  0.64792
-0.68473  0.64904 -0.00403 -0.05753 -0.01018 -0.04783 -0.61912  0.70073
-0.39237  0.74669  0.00984  0.00141 -0.00834 -0.01910 -0.28101  0.81268
-0.55665  0.84477  0.03137  0.05681  0.00167  0.00929 -0.47440  0.91422
-0.63059  0.97743  0.04199  0.06143  0.01926  0.02952 -0.61219  1.01979
-0.46036  0.88538  0.01565  0.03903  0.00833  0.02533 -0.51745  0.88457
-0.48163  0.73201  0.00387  0.02709 -0.00137  0.00687 -0.57312  0.66821
-0.70394  0.72863 -0.00046  0.01197 -0.00494 -0.01309 -0.76971  0.66906
-1.04067  0.52853 -0.01035 -0.01634 -0.01367 -0.02330 -1.04376  0.51899
-0.92064  0.42492  0.00178 -0.01088 -0.00279  0.00032 -0.88260  0.48386
-0.72037  0.43520 -0.00491  0.00133 -0.00137  0.01548 -0.65747  0.51646
-0.85153  0.45198 -0.01959  0.01098 -0.00567  0.02971 -0.79765  0.48120
# 
-1.16977  0.24432 -0.01356  0.03423  0.00370  0.05964 -1.15898  0.22450
-0.92578  0.35538 -0.00956  0.00783 -0.00075  0.05403 -0.95695  0.29635
-0.71868  0.35866  0.00585 -0.01378  0.00564  0.00400 -0.76394  0.28930
-0.88910  0.35257  0.01432 -0.03752  0.00548 -0.05338 -0.91923  0.32738
-1.08185  0.42959 -0.00259 -0.07541 -0.01385 -0.07220 -1.08094  0.43334
-0.85221  0.48795  0.00380 -0.05424  0.00081 -0.03692 -0.81826  0.51530
-0.55848  0.61350  0.00828  0.00378 -0.00104 -0.01111 -0.49124  0.66297
-0.74686  0.71326  0.01873  0.05756  0.00452  0.01731 -0.70303  0.76060
-0.85364  0.86565  0.03007  0.06035  0.02524  0.03843 -0.85459  0.89565
-0.67376  0.71868 -0.00346  0.02885  0.00172  0.02973 -0.72639  0.71477
-0.62659  0.50889 -0.00519  0.01308 -0.00041  0.00400 -0.70077  0.44871
-0.87107  0.46809 -0.00332 -0.00039 -0.00028 -0.02129 -0.91802  0.41213
-1.18551  0.22261 -0.00971 -0.03378 -0.01200 -0.03621 -1.18092  0.21322
-1.00191  0.14371  0.00869 -0.01756  0.00223 -0.00664 -0.96519  0.19592
-0.78106  0.18205 -0.00225 -0.00011 -0.00246  0.00776 -0.72657  0.26061
-0.95318  0.12215 -0.02166  0.01253 -0.01425  0.01594 -0.90675  0.15978
# 
-1.26298 -0.01335 -0.01090  0.04820 -0.00235  0.05856 -1.24444 -0.01467
-1.00521  0.06790 -0.00949  0.01860 -0.01197  0.05528 -1.01370  0.04331
-0.76805  0.08167  0.01293  0.00017  0.00216  0.00374 -0.78576  0.04459
-0.97690  0.09670  0.02819 -0.02481  0.01567 -0.05140 -0.98972  0.09697
-1.20963  0.22142  0.00249 -0.07184 -0.01042 -0.07070 -1.21433  0.22391
-0.93503  0.31771  0.01073 -0.05313  0.01180 -0.02837 -0.93111  0.32298
-0.65877  0.43522  0.00653  0.00522  0.00678 -0.00337 -0.63405  0.46380
-0.87955  0.53758  0.00940  0.06191  0.00634  0.02348 -0.87863  0.56645
-1.11777  0.62464  0.01635  0.06141  0.02783  0.05008 -1.13377  0.64097
-0.81758  0.52246 -0.02146  0.02218 -0.00251  0.03472 -0.86120  0.51582
-0.68814  0.26151 -0.01293  0.00207  0.00167  0.00479 -0.73969  0.20150
-0.95190  0.18203 -0.00279 -0.01086  0.00763 -0.02663 -0.97717  0.13264
-1.24048 -0.08998 -0.01009 -0.04852 -0.00904 -0.05036 -1.23375 -0.09591
-0.97874 -0.17321  0.01879 -0.02273  0.00372 -0.01178 -0.95559 -0.12322
-0.75394 -0.06885  0.00065  0.00009 -0.00431 -0.00203 -0.71691  0.00345
-0.96352 -0.12422 -0.02387  0.01754 -0.02206  0.00369 -0.92576 -0.08773
# 
