# Jones matrix for 2036 MHz, dr=0.05 degrees, dtheta=22.5 degrees
# Array shape (radius,theta,pol): (13, 16, 4)
 1.00390 -0.01541 -0.00396  0.00179  0.00282  0.00026  0.99793 -0.01415
 1.00644  0.00395 -0.00522  0.00148  0.00118  0.00034  1.00048  0.00479
 1.00485 -0.00325 -0.00538  0.00104 -0.00034  0.00010  1.00111 -0.00262
 1.00183 -0.01185 -0.00532  0.00063 -0.00145 -0.00002  0.99976 -0.01206
 0.99960  0.00735 -0.00435  0.00010 -0.00272  0.00013  1.00207  0.00636
 0.99690 -0.00255 -0.00278  0.00001 -0.00289  0.00038  1.00040 -0.00350
 0.99459 -0.00322 -0.00081 -0.00020 -0.00301  0.00079  1.00016 -0.00438
 0.99356 -0.00223  0.00080  0.00012 -0.00213  0.00116  1.00056 -0.00317
 0.99324 -0.01152  0.00262  0.00021 -0.00099  0.00138  0.99976 -0.01213
 0.99467 -0.01563  0.00378  0.00029 -0.00014  0.00121  0.99825 -0.01595
 0.99753 -0.00258  0.00409  0.00055  0.00119  0.00094  0.99968 -0.00205
 0.99658 -0.00502  0.00376  0.00008  0.00261  0.00030  0.99745 -0.00374
 0.99650  0.00928  0.00287  0.00051  0.00340 -0.00005  0.99594  0.01002
 1.00024  0.00198  0.00132  0.00084  0.00453  0.00027  0.99658  0.00350
 1.00088  0.00633 -0.00056  0.00159  0.00469  0.00028  0.99348  0.00768
 1.00644 -0.01732 -0.00196  0.00190  0.00443  0.00023  0.99817 -0.01655
# 
 1.01250 -0.00544 -0.00697  0.00398  0.00534  0.00074  0.99895 -0.00351
 1.00863  0.06139 -0.00966  0.00270  0.00274  0.00055  0.99684  0.06251
 1.00888  0.00016 -0.01050  0.00144 -0.00063 -0.00013  0.99920  0.00131
 1.00661 -0.00908 -0.01010  0.00041 -0.00370 -0.00091  1.00164 -0.00947
 0.99920  0.02482 -0.00827 -0.00131 -0.00577 -0.00124  1.00114  0.02319
 0.99625  0.00423 -0.00502 -0.00125 -0.00703 -0.00016  1.00274  0.00196
 0.99331 -0.02378 -0.00066 -0.00045 -0.00622  0.00154  1.00509 -0.02809
 0.98817 -0.01730  0.00330  0.00022 -0.00477  0.00263  1.00265 -0.02107
 0.98926 -0.00994  0.00698  0.00052 -0.00267  0.00328  1.00383 -0.01233
 0.99238  0.02085  0.00888  0.00032 -0.00039  0.00251  1.00265  0.02064
 0.99289 -0.00091  0.00894 -0.00021  0.00207  0.00158  0.99945 -0.00010
 0.99280  0.06132  0.00819 -0.00047  0.00399 -0.00011  0.99625  0.06357
 0.99465  0.05192  0.00595 -0.00010  0.00573 -0.00057  0.99381  0.05474
 0.99575  0.09289  0.00280  0.00103  0.00712 -0.00025  0.98884  0.09438
 1.00299  0.06311 -0.00057  0.00230  0.00841 -0.00001  0.99230  0.06456
 1.01234  0.01566 -0.00415  0.00300  0.00768  0.00042  0.99827  0.01747
# 
 1.01775  0.04052 -0.01048  0.00705  0.00855  0.00235  0.99667  0.04349
 1.01220  0.10649 -0.01445  0.00456  0.00427  0.00170  0.99205  0.10812
 1.01322  0.02603 -0.01646  0.00207 -0.00120 -0.00049  0.99630  0.02840
 1.00712  0.00862 -0.01599 -0.00144 -0.00661 -0.00225  0.99898  0.00899
 0.99695  0.07140 -0.01286 -0.00423 -0.01031 -0.00339  0.99954  0.06847
 0.99187  0.00818 -0.00774 -0.00370 -0.01158 -0.00070  1.00508  0.00233
 0.98558 -0.02764 -0.00105 -0.00139 -0.01012  0.00285  1.00555 -0.03553
 0.98262 -0.01562  0.00589  0.00008 -0.00703  0.00513  1.00434 -0.02152
 0.98235  0.00686  0.01155  0.00113 -0.00330  0.00581  1.00324  0.00349
 0.98697  0.02416  0.01441  0.00134 -0.00064  0.00460  1.00222  0.02328
 0.98771  0.00909  0.01450 -0.00105  0.00203  0.00124  0.99834  0.01112
 0.98660  0.10649  0.01271 -0.00137  0.00539 -0.00104  0.98965  0.11058
 0.98743  0.10100  0.00935 -0.00188  0.00800 -0.00245  0.98512  0.10374
 0.97957  0.17671  0.00456 -0.00009  0.01047 -0.00069  0.97135  0.17795
 0.99972  0.11872 -0.00097  0.00295  0.01180 -0.00009  0.98586  0.11942
 1.01488  0.08121 -0.00627  0.00551  0.01237  0.00144  0.99538  0.08272
# 
 1.01806  0.11735 -0.01431  0.01090  0.01272  0.00545  0.98881  0.12089
 1.00898  0.17517 -0.01989  0.00675  0.00594  0.00381  0.97793  0.17667
 1.01619  0.09081 -0.02226  0.00222 -0.00224 -0.00109  0.99123  0.09413
 1.00413  0.08488 -0.02187 -0.00460 -0.01050 -0.00552  0.99086  0.08487
 0.99085  0.12367 -0.01815 -0.00904 -0.01563 -0.00682  0.99543  0.11939
 0.99175  0.03681 -0.01145 -0.00657 -0.01719 -0.00270  1.01016  0.02747
 0.98063 -0.02797 -0.00117 -0.00307 -0.01425  0.00390  1.00905 -0.04106
 0.97654  0.00926  0.00935  0.00139 -0.00899  0.00826  1.01016 -0.00092
 0.97704  0.03038  0.01727  0.00347 -0.00422  0.00998  1.00677  0.02527
 0.98896  0.01436  0.02065  0.00130 -0.00015  0.00734  1.00696  0.01389
 0.98663  0.05618  0.02064 -0.00188  0.00277  0.00236  0.99831  0.06004
 0.98365  0.13574  0.01796 -0.00390  0.00642 -0.00302  0.98885  0.14148
 0.97673  0.17621  0.01299 -0.00423  0.01004 -0.00519  0.97291  0.18115
 0.97298  0.23277  0.00649 -0.00107  0.01375 -0.00227  0.96223  0.23358
 0.99413  0.19313 -0.00108  0.00353  0.01680  0.00068  0.97669  0.19261
 1.01520  0.14468 -0.00841  0.00824  0.01699  0.00447  0.99015  0.14522
# 
 1.00679  0.22010 -0.01886  0.01659  0.01785  0.01033  0.96481  0.22099
 0.99848  0.25719 -0.02621  0.01048  0.00919  0.00719  0.95603  0.25957
 1.01201  0.17291 -0.02918  0.00177 -0.00259 -0.00181  0.97576  0.17938
 0.99161  0.18035 -0.02947 -0.00979 -0.01468 -0.00971  0.97286  0.18028
 0.97734  0.17339 -0.02465 -0.01484 -0.02261 -0.01239  0.98032  0.16736
 0.97837  0.09143 -0.01527 -0.01131 -0.02396 -0.00490  1.00370  0.07903
 0.97252  0.00976 -0.00165 -0.00398 -0.01907  0.00595  1.01364 -0.01026
 0.96529  0.05297  0.01363  0.00296 -0.01131  0.01327  1.01236  0.03774
 0.96362  0.07312  0.02464  0.00622 -0.00377  0.01617  1.00472  0.06624
 0.98288  0.06317  0.02836  0.00286  0.00060  0.01122  1.00766  0.06369
 0.97990  0.12505  0.02744 -0.00291  0.00321  0.00186  0.99195  0.13191
 0.97308  0.20753  0.02363 -0.00707  0.00658 -0.00611  0.97456  0.21536
 0.96280  0.25101  0.01635 -0.00915  0.01154 -0.00980  0.95592  0.25651
 0.95744  0.30354  0.00838 -0.00410  0.01744 -0.00563  0.94648  0.30385
 0.97563  0.27996 -0.00173  0.00433  0.02112  0.00095  0.95476  0.27806
 1.00331  0.23044 -0.01119  0.01279  0.02340  0.00699  0.97460  0.23107
# 
 0.97507  0.32407 -0.02472  0.02540  0.02455  0.01841  0.92364  0.32535
 0.97409  0.34926 -0.03373  0.01624  0.01307  0.01317  0.91583  0.35283
 0.99144  0.29149 -0.03807  0.00114 -0.00326 -0.00259  0.94097  0.29285
 0.95926  0.29525 -0.03732 -0.01704 -0.01979 -0.01757  0.93288  0.29685
 0.95064  0.24296 -0.03299 -0.02427 -0.03200 -0.01969  0.95507  0.23485
 0.95482  0.17083 -0.02128 -0.01829 -0.03344 -0.00862  0.99035  0.15106
 0.95993  0.07883 -0.00127 -0.00554 -0.02529  0.00834  1.01369  0.04859
 0.94235  0.16029  0.01951  0.00729 -0.01261  0.01981  1.00354  0.13991
 0.93718  0.17490  0.03370  0.01218 -0.00367  0.02381  0.99211  0.16669
 0.96268  0.16814  0.03910  0.00661  0.00216  0.01767  0.99617  0.17099
 0.96111  0.24385  0.03548 -0.00260  0.00414  0.00342  0.97553  0.25517
 0.94864  0.29811  0.02891 -0.01254  0.00674 -0.01164  0.94781  0.30893
 0.91784  0.37748  0.02139 -0.01496  0.01404 -0.01554  0.91093  0.38335
 0.90558  0.43861  0.01126 -0.00867  0.02148 -0.00898  0.89367  0.43610
 0.94294  0.39335 -0.00246  0.00496  0.02832  0.00221  0.92168  0.38848
 0.97993  0.33379 -0.01435  0.01971  0.03034  0.01273  0.94319  0.33102
# 
 0.90132  0.46536 -0.03249  0.03801  0.03451  0.03074  0.83507  0.46595
 0.91474  0.47564 -0.04295  0.02424  0.01862  0.02162  0.83539  0.48121
 0.93406  0.43269 -0.04800 -0.00114 -0.00381 -0.00355  0.86869  0.43789
 0.88645  0.44765 -0.04812 -0.02861 -0.02655 -0.02865  0.85058  0.45042
 0.88560  0.35983 -0.04446 -0.03875 -0.04469 -0.03197  0.89294  0.34880
 0.88840  0.33583 -0.02735 -0.03097 -0.04563 -0.01788  0.93702  0.30999
 0.92587  0.21989 -0.00120 -0.00696 -0.03231  0.01087  0.99435  0.17963
 0.89223  0.29928  0.02890  0.01479 -0.01467  0.02875  0.97192  0.26987
 0.88006  0.31353  0.04713  0.02176 -0.00112  0.03720  0.94695  0.30201
 0.92733  0.28252  0.05263  0.01003  0.00503  0.02711  0.96614  0.28892
 0.90513  0.41601  0.04629 -0.00078  0.00476  0.00315  0.91620  0.43457
 0.89077  0.43377  0.03622 -0.01850  0.00737 -0.01876  0.88626  0.45224
 0.83450  0.51814  0.02633 -0.02490  0.01511 -0.02677  0.82398  0.52412
 0.80692  0.59696  0.01498 -0.01482  0.02649 -0.01421  0.79761  0.59245
 0.84700  0.56609 -0.00284  0.00570  0.03387  0.00561  0.82686  0.55493
 0.90966  0.49209 -0.01919  0.02953  0.03875  0.02222  0.86766  0.48542
# 
 0.72272  0.67412 -0.04463  0.05715  0.04522  0.04983  0.63903  0.67163
 0.78474  0.65213 -0.05482  0.03701  0.02686  0.03609  0.67773  0.66102
 0.80244  0.64217 -0.06123 -0.00474 -0.00361 -0.00433  0.70828  0.65467
 0.74159  0.62439 -0.06091 -0.04676 -0.03632 -0.04730  0.69252  0.62951
 0.73937  0.54621 -0.06055 -0.06105 -0.06254 -0.05179  0.74859  0.53148
 0.74945  0.54781 -0.03641 -0.04960 -0.06042 -0.03054  0.81233  0.51079
 0.85682  0.41042 -0.00059 -0.00912 -0.04014  0.01550  0.94531  0.35248
 0.77434  0.51971  0.04100  0.02718 -0.01664  0.04335  0.88141  0.48163
 0.75140  0.54010  0.06533  0.03677  0.00361  0.05587  0.83732  0.52650
 0.84852  0.48134  0.06990  0.01750  0.01065  0.04082  0.89685  0.49447
 0.82875  0.58722  0.05798 -0.00150  0.00551  0.00533  0.83711  0.61804
 0.76987  0.64614  0.04529 -0.02973  0.00572 -0.03277  0.75837  0.66982
 0.63950  0.74503  0.03322 -0.04064  0.01685 -0.04132  0.62605  0.75087
 0.59229  0.81586  0.02159 -0.02762  0.03342 -0.02233  0.58737  0.80540
 0.66558  0.77387 -0.00510  0.00688  0.04342  0.00995  0.65233  0.75603
 0.75946  0.69237 -0.02677  0.04296  0.05051  0.03672  0.71504  0.68155
# 
 0.34628  0.88021 -0.05681  0.08369  0.05859  0.07953  0.24505  0.87239
 0.47442  0.84571 -0.06774  0.05414  0.03600  0.05801  0.34094  0.86070
 0.50396  0.84078 -0.07150 -0.00722 -0.00373 -0.00634  0.38405  0.85917
 0.40770  0.82873 -0.07099 -0.07082 -0.04702 -0.07244  0.34660  0.83888
 0.38452  0.79340 -0.07452 -0.09507 -0.08491 -0.08144  0.39636  0.77816
 0.45425  0.78917 -0.04519 -0.07473 -0.07859 -0.04603  0.53013  0.74187
 0.64333  0.70310  0.00055 -0.01145 -0.04830  0.01930  0.75231  0.62880
 0.52201  0.80007  0.05529  0.04411 -0.01190  0.06133  0.64884  0.74527
 0.46486  0.84144  0.08814  0.05900  0.01409  0.08216  0.56816  0.82769
 0.61144  0.78159  0.08697  0.03174  0.01810  0.05987  0.66516  0.80479
 0.58054  0.85718  0.07026  0.00106  0.00542  0.00494  0.57677  0.89707
 0.48432  0.90055  0.05165 -0.04242  0.00267 -0.04970  0.45914  0.93348
 0.23610  0.97610  0.04073 -0.06207  0.01630 -0.06400  0.22064  0.98144
 0.21023  0.99851  0.02859 -0.04487  0.03966 -0.03354  0.21449  0.98314
 0.32268  0.95754 -0.00563  0.00640  0.04827  0.01451  0.32131  0.93137
 0.41685  0.91165 -0.03857  0.06131  0.05793  0.05544  0.37345  0.88970
# 
-0.28750  0.92287 -0.06475  0.10101  0.05811  0.10657 -0.38151  0.90715
-0.06784  0.91204 -0.06814  0.06534  0.04060  0.07915 -0.20784  0.93121
 0.01141  0.88884 -0.06632 -0.01143 -0.00245 -0.00697 -0.11351  0.90751
-0.14122  0.87526 -0.06540 -0.08622 -0.04667 -0.09239 -0.20097  0.88879
-0.20023  0.92587 -0.07691 -0.12611 -0.09382 -0.10944 -0.18594  0.90909
-0.04961  0.93640 -0.04567 -0.09507 -0.08360 -0.06205  0.02377  0.88671
 0.23277  0.92984  0.00337 -0.01144 -0.04722  0.01564  0.34134  0.84871
 0.06826  1.02856  0.06542  0.06304 -0.00542  0.07091  0.19610  0.97002
-0.01014  1.09224  0.09902  0.08033  0.02888  0.09889  0.08931  1.08003
 0.18093  1.00857  0.09124  0.04161  0.02378  0.07535  0.22631  1.04153
 0.12138  0.99606  0.06637  0.00641  0.00408  0.00677  0.10146  1.04687
-0.06113  1.02841  0.04930 -0.04829  0.00053 -0.06681 -0.09759  1.06457
-0.40111  1.00725  0.04341 -0.08000  0.01376 -0.08453 -0.41952  1.01183
-0.34901  0.97170  0.03443 -0.05838  0.03654 -0.04237 -0.33021  0.95120
-0.14876  0.95954 -0.00705  0.00368  0.04563  0.01705 -0.12670  0.93080
-0.23797  0.92256 -0.05084  0.07022  0.04894  0.07480 -0.26272  0.88823
# 
-0.80105  0.66030 -0.05589  0.09488  0.04311  0.10736 -0.86314  0.64374
-0.55222  0.71406 -0.05046  0.05732  0.03306  0.08196 -0.65711  0.73062
-0.41162  0.68868 -0.04785 -0.01092 -0.00127 -0.00363 -0.50284  0.70878
-0.59486  0.67267 -0.04184 -0.08185 -0.03651 -0.09245 -0.63392  0.69102
-0.70070  0.78015 -0.05657 -0.12532 -0.07910 -0.11036 -0.69187  0.76963
-0.50599  0.81920 -0.03272 -0.09386 -0.06574 -0.06174 -0.45601  0.77671
-0.17762  0.89556  0.00493 -0.00818 -0.03394  0.01140 -0.10203  0.83491
-0.35473  0.99701  0.06021  0.06657  0.00407  0.06475 -0.26655  0.95132
-0.44318  1.09147  0.09088  0.08114  0.03860  0.09236 -0.37248  1.08843
-0.28048  0.97526  0.06658  0.04640  0.02306  0.07231 -0.25324  1.00903
-0.31104  0.83810  0.04504  0.01130  0.00138  0.00480 -0.34076  0.87965
-0.51451  0.85347  0.03130 -0.04057 -0.00165 -0.06540 -0.54938  0.88339
-0.87661  0.71771  0.03208 -0.08159  0.00711 -0.08618 -0.88504  0.72035
-0.76564  0.67302  0.03275 -0.06226  0.02525 -0.04049 -0.73726  0.65576
-0.55411  0.67716 -0.00657  0.00146  0.02961  0.01588 -0.52175  0.65456
-0.66439  0.66529 -0.04718  0.06383  0.03343  0.06906 -0.66773  0.63142
# 
-1.07896  0.39503 -0.04065  0.08507  0.03137  0.10070 -1.11311  0.37939
-0.83864  0.45777 -0.03330  0.04618  0.02056  0.07974 -0.90443  0.47005
-0.65309  0.45417 -0.02462 -0.01085  0.00306  0.00044 -0.71018  0.47290
-0.83377  0.46728 -0.02055 -0.07185 -0.02593 -0.08381 -0.85151  0.48320
-1.00490  0.55206 -0.03684 -0.11658 -0.06179 -0.10362 -0.99676  0.54620
-0.76207  0.62963 -0.01986 -0.08615 -0.04565 -0.05611 -0.74424  0.59912
-0.44559  0.75597  0.00460 -0.00410 -0.01870  0.00481 -0.40705  0.71680
-0.63843  0.85430  0.04681  0.06795  0.01083  0.05161 -0.58749  0.82762
-0.74329  0.98498  0.07314  0.08063  0.04267  0.08022 -0.70086  0.99293
-0.57959  0.82734  0.04152  0.04815  0.01657  0.06622 -0.56791  0.86376
-0.55476  0.61899  0.02520  0.01353 -0.00144  0.00062 -0.58891  0.65049
-0.78321  0.59586  0.01767 -0.03099 -0.00176 -0.06114 -0.81901  0.61814
-1.11903  0.39558  0.02228 -0.07665 -0.00253 -0.07974 -1.12522  0.38950
-0.95892  0.35473  0.03252 -0.05689  0.01342 -0.03551 -0.92572  0.34022
-0.73094  0.39161 -0.00232 -0.00118  0.01437  0.01318 -0.69287  0.37600
-0.90051  0.30528 -0.04614  0.05155  0.00700  0.05937 -0.88154  0.27758
# 
-1.21198  0.15464 -0.02785  0.07538  0.02062  0.09160 -1.22041  0.14040
-0.97052  0.19473 -0.02029  0.03310  0.00834  0.07466 -1.00016  0.20609
-0.76209  0.19630 -0.00691 -0.00979  0.00388  0.00252 -0.78770  0.20886
-0.95993  0.22325 -0.00101 -0.05757 -0.01256 -0.07485 -0.95508  0.24416
-1.14907  0.34216 -0.02312 -0.10568 -0.04944 -0.09579 -1.14417  0.34000
-0.87586  0.44465 -0.01049 -0.07513 -0.02486 -0.04892 -0.88053  0.42667
-0.59224  0.56961  0.00721  0.00052 -0.00822 -0.00154 -0.57973  0.55541
-0.80644  0.66862  0.03410  0.07142  0.01072  0.03942 -0.78798  0.66143
-1.02408  0.75595  0.05116  0.08445  0.03509  0.07069 -1.00135  0.77231
-0.74569  0.65808  0.02020  0.04526  0.01171  0.05777 -0.74605  0.68947
-0.66340  0.39244  0.00749  0.01405 -0.00100  0.00147 -0.69749  0.41169
-0.91462  0.33383  0.00767 -0.02375 -0.00054 -0.05925 -0.94106  0.34665
-1.21509  0.09087  0.01213 -0.07318 -0.00694 -0.07564 -1.21688  0.08675
-1.00671  0.03591  0.03251 -0.04991  0.00651 -0.02723 -0.97551  0.02461
-0.78133  0.13127 -0.00097 -0.00252  0.00256  0.01145 -0.73932  0.12600
-0.96955  0.06717 -0.04056  0.04204 -0.00771  0.04618 -0.94431  0.04788
# 
