# Jones matrix for 2676 MHz, dr=0.05 degrees, dtheta=22.5 degrees
# Array shape (radius,theta,pol): (13, 16, 4)
 0.99630 -0.01755  0.00467  0.00115 -0.00464 -0.00154  1.00666 -0.01577
 1.00271  0.00419  0.00600  0.00160 -0.00298 -0.00066  1.01416  0.00833
 1.00469 -0.00612  0.00665  0.00149 -0.00077  0.00025  1.01584 -0.00094
 1.00834 -0.01505  0.00663  0.00090  0.00155  0.00099  1.01317 -0.01220
 1.01140  0.00789  0.00499  0.00134  0.00328  0.00192  1.01179  0.00743
 1.01347  0.00025  0.00228  0.00079  0.00314  0.00244  1.00548 -0.00420
 1.01209 -0.00072 -0.00152  0.00073  0.00326  0.00233  1.00015 -0.00602
 1.00863 -0.00299 -0.00437  0.00027  0.00249  0.00225  0.99640 -0.00792
 1.00281 -0.00642 -0.00687 -0.00021  0.00140  0.00159  0.99275 -0.00834
 0.99778 -0.01512 -0.00812 -0.00081  0.00037  0.00075  0.98949 -0.01389
 0.99433 -0.00565 -0.00820 -0.00165 -0.00106 -0.00035  0.99048 -0.00285
 0.98969 -0.00761 -0.00729 -0.00183 -0.00220 -0.00163  0.98752 -0.00574
 0.98633  0.01246 -0.00544 -0.00188 -0.00247 -0.00263  0.98668  0.01242
 0.99028  0.00515 -0.00311 -0.00116 -0.00419 -0.00281  0.99038  0.00266
 0.99058  0.00223 -0.00016 -0.00030 -0.00520 -0.00293  0.98998 -0.00039
 0.99906 -0.01332  0.00182  0.00085 -0.00526 -0.00169  1.00143 -0.01505
# 
 0.99624  0.01547  0.00887  0.00365 -0.01077 -0.00235  1.01673  0.01930
 0.99547  0.09004  0.01243  0.00513 -0.00663 -0.00121  1.02420  0.10781
 1.00516  0.01288  0.01509  0.00386 -0.00127  0.00131  1.03471  0.03174
 1.01659  0.01005  0.01496  0.00232  0.00472  0.00253  1.03333  0.02235
 1.02201  0.05023  0.01277  0.00211  0.00876  0.00402  1.01910  0.04941
 1.03239  0.03594  0.00602  0.00155  0.00935  0.00520  1.00826  0.02144
 1.03436  0.00593 -0.00122  0.00119  0.00816  0.00505  0.99969 -0.01289
 1.02324 -0.00326 -0.00928  0.00131  0.00502  0.00501  0.99199 -0.01709
 1.00893  0.01625 -0.01469  0.00014  0.00198  0.00404  0.99134  0.01229
 0.99537  0.03227 -0.01691 -0.00194  0.00041  0.00186  0.99067  0.04082
 0.98141  0.01279 -0.01613 -0.00330 -0.00046 -0.00069  0.98640  0.02641
 0.97322  0.08558 -0.01266 -0.00538 -0.00119 -0.00317  0.98017  0.09630
 0.97198  0.08665 -0.00853 -0.00532 -0.00341 -0.00550  0.97385  0.08748
 0.97365  0.12484 -0.00456 -0.00362 -0.00611 -0.00681  0.96988  0.11454
 0.98514  0.09104 -0.00006 -0.00056 -0.00922 -0.00629  0.98086  0.07706
 0.99728  0.05582  0.00368  0.00225 -0.01176 -0.00430  1.00015  0.04808
# 
 0.99339  0.11229  0.01158  0.00846 -0.01989 -0.00385  1.02403  0.12090
 0.98055  0.18042  0.01791  0.01041 -0.01274 -0.00196  1.03560  0.22162
 1.00203  0.07375  0.02470  0.00681 -0.00128  0.00180  1.06443  0.11842
 1.01986  0.06824  0.02704  0.00364  0.01031  0.00360  1.05792  0.09721
 1.03309  0.14386  0.02349  0.00285  0.01776  0.00599  1.02726  0.14159
 1.06002  0.09657  0.01291  0.00143  0.01764  0.00727  1.01169  0.06391
 1.06502  0.04878 -0.00215  0.00218  0.01369  0.00765  0.99342  0.00714
 1.04866  0.04691 -0.01635  0.00332  0.00601  0.00928  0.98548  0.01614
 1.01500  0.07540 -0.02586  0.00136  0.00062  0.00805  0.98508  0.07025
 0.98763  0.07945 -0.02878 -0.00178 -0.00082  0.00412  0.99277  0.10093
 0.96440  0.05979 -0.02489 -0.00531 -0.00042 -0.00065  0.99138  0.09481
 0.94575  0.17743 -0.01770 -0.01028  0.00045 -0.00547  0.96681  0.20480
 0.94699  0.18441 -0.01075 -0.00925 -0.00101 -0.00959  0.95049  0.18482
 0.94501  0.26464 -0.00430 -0.00651 -0.00580 -0.01144  0.93203  0.23738
 0.97288  0.21673 -0.00004 -0.00094 -0.01299 -0.01089  0.95415  0.17932
 0.99242  0.18437  0.00406  0.00505 -0.02007 -0.00770  0.98969  0.16298
# 
 0.94660  0.28482  0.01228  0.01720 -0.03340 -0.00647  0.99070  0.30264
 0.91894  0.32312  0.02171  0.01883 -0.02150 -0.00320  1.01050  0.40725
 0.95841  0.21229  0.03600  0.01287 -0.00200  0.00255  1.07263  0.30742
 0.98148  0.22718  0.04217  0.00736  0.01895  0.00573  1.05269  0.28880
 1.01150  0.29251  0.03818  0.00474  0.03101  0.01011  1.00371  0.28760
 1.07770  0.22795  0.02130  0.00055  0.03064  0.00996  0.98753  0.16225
 1.09915  0.14407 -0.00269  0.00352  0.02020  0.01193  0.96290  0.06477
 1.06217  0.18035 -0.02583  0.00633  0.00507  0.01590  0.95287  0.11720
 1.00111  0.18819 -0.04093  0.00411 -0.00436  0.01382  0.95899  0.17778
 0.96115  0.15654 -0.04336 -0.00185 -0.00442  0.00800  0.98838  0.20219
 0.91684  0.17578 -0.03582 -0.00996  0.00008 -0.00093  0.98233  0.24841
 0.88582  0.28089 -0.02163 -0.01730  0.00482 -0.00946  0.93526  0.33908
 0.87699  0.34487 -0.00946 -0.01696  0.00544 -0.01461  0.88230  0.34621
 0.88373  0.43579 -0.00336 -0.01100 -0.00272 -0.01766  0.85187  0.37523
 0.92975  0.40313  0.00003 -0.00076 -0.01818 -0.01772  0.88475  0.32305
 0.95341  0.35640  0.00365  0.00964 -0.03075 -0.01359  0.93583  0.30774
# 
 0.80418  0.54045  0.00772  0.03135 -0.05322 -0.01404  0.86157  0.57284
 0.76947  0.51749  0.02372  0.03289 -0.03728 -0.00531  0.91738  0.67721
 0.83883  0.41449  0.04913  0.02286 -0.00241  0.00497  1.02959  0.60031
 0.86257  0.45319  0.06423  0.01403  0.03314  0.00967  0.98243  0.57584
 0.92750  0.50342  0.06138  0.00424  0.05306  0.01303  0.91290  0.49346
 1.05020  0.46909  0.03622 -0.00054  0.04887  0.01496  0.89307  0.34799
 1.11937  0.36816 -0.00308  0.00569  0.02778  0.01921  0.88097  0.22524
 1.04462  0.41815 -0.04163  0.01137 -0.00047  0.02592  0.86165  0.30314
 0.93293  0.40703 -0.06415  0.00781 -0.01511  0.02467  0.87738  0.38925
 0.86773  0.35897 -0.06494 -0.00227 -0.01306  0.01571  0.94173  0.44318
 0.79771  0.37851 -0.04764 -0.01686  0.00127 -0.00086  0.92822  0.51586
 0.74202  0.47942 -0.02351 -0.02775  0.01458 -0.01325  0.83490  0.58966
 0.73511  0.56193 -0.00566 -0.02866  0.01732 -0.02110  0.74255  0.56222
 0.74331  0.68080  0.00251 -0.01953  0.00463 -0.02502  0.68104  0.56462
 0.81139  0.67023  0.00060 -0.00116 -0.02166 -0.02699  0.71988  0.51179
 0.83898  0.62087 -0.00141  0.01946 -0.04887 -0.02291  0.79226  0.52731
# 
 0.45251  0.83250 -0.00684  0.05234 -0.08173 -0.02221  0.52339  0.88908
 0.41378  0.74860  0.01688  0.05301 -0.05706 -0.00982  0.63064  1.01992
 0.50505  0.67939  0.06112  0.03889 -0.00217  0.00619  0.79829  0.99925
 0.52552  0.73594  0.09149  0.02471  0.05488  0.01407  0.70876  0.94897
 0.65649  0.80950  0.09225  0.00327  0.08282  0.01386  0.63847  0.79408
 0.86271  0.83323  0.05641 -0.00466  0.07325  0.02017  0.61293  0.62886
 1.02396  0.74074 -0.00468  0.00722  0.03303  0.02758  0.63941  0.50366
 0.86417  0.81990 -0.06310  0.01659 -0.01363  0.04086  0.58217  0.61971
 0.67407  0.78166 -0.09328  0.01137 -0.03650  0.04007  0.60875  0.74881
 0.58199  0.68113 -0.08947 -0.00868 -0.02784  0.02479  0.72946  0.82791
 0.47941  0.66777 -0.05814 -0.03196  0.00074  0.00008  0.70664  0.91351
 0.39913  0.74318 -0.01795 -0.04329  0.03348 -0.01694  0.55694  0.93039
 0.35017  0.87294  0.00863 -0.04592  0.04183 -0.02708  0.36242  0.87530
 0.36482  1.00475  0.01567 -0.02797  0.02320 -0.03135  0.26522  0.79575
 0.51107  1.00886  0.00024  0.00017 -0.02358 -0.03798  0.35466  0.73308
 0.53595  0.94953 -0.01308  0.03186 -0.06956 -0.03536  0.44085  0.78312
# 
-0.16233  0.92615 -0.03010  0.06602 -0.09089 -0.02777 -0.10153  0.99599
-0.17595  0.79103 -0.00532  0.06148 -0.06789 -0.01144  0.05872  1.12780
-0.07708  0.74668  0.04845  0.04854  0.00046  0.00644  0.24287  1.15869
-0.08356  0.82502  0.09450  0.03022  0.06728  0.01713  0.11916  1.10119
 0.07619  0.98252  0.10313  0.00004  0.09714  0.01316  0.05780  0.96204
 0.30151  1.07962  0.06792 -0.00271  0.08053  0.02560  0.02708  0.81010
 0.58269  1.02917 -0.00373  0.00865  0.02855  0.03279  0.13801  0.73196
 0.36315  1.09002 -0.07094  0.02121 -0.03309  0.04765  0.04402  0.83587
 0.12242  1.03534 -0.10045  0.00692 -0.05745  0.04831  0.06428  0.98829
 0.06582  0.88240 -0.09405 -0.01326 -0.04254  0.03191  0.26646  1.05538
-0.08103  0.78797 -0.04598 -0.04015  0.00300  0.00295  0.18704  1.10453
-0.16947  0.84075  0.00262 -0.05196  0.04686 -0.01892  0.02071  1.07812
-0.25379  0.95671  0.02750 -0.05345  0.06021 -0.02503 -0.24179  0.95873
-0.23135  1.04462  0.03061 -0.03021  0.04394 -0.02549 -0.34676  0.77740
-0.05886  1.08074 -0.00043  0.00012 -0.01220 -0.04175 -0.23427  0.72539
-0.03293  1.05425 -0.02751  0.03993 -0.07345 -0.04236 -0.16305  0.84438
# 
-0.65578  0.73128 -0.04749  0.06008 -0.07669 -0.02891 -0.62827  0.79933
-0.60740  0.61849 -0.02976  0.05466 -0.06226 -0.01150 -0.42415  0.93722
-0.52607  0.57395  0.02585  0.04468 -0.00099  0.00486 -0.28658  0.97466
-0.54714  0.66160  0.07639  0.03198  0.06436  0.01510 -0.38372  0.92116
-0.43179  0.89559  0.08824 -0.00267  0.08828  0.00691 -0.44603  0.87689
-0.22390  0.98696  0.06114 -0.00501  0.06888  0.02380 -0.45127  0.72724
 0.12629  1.01835 -0.00133  0.00652  0.01536  0.02721 -0.26617  0.74222
-0.14970  1.05700 -0.06382  0.01519 -0.04957  0.04011 -0.41499  0.80698
-0.37400  1.01110 -0.08463  0.00345 -0.06447  0.04551 -0.40843  0.95938
-0.35937  0.85606 -0.07552 -0.01610 -0.04613  0.03041 -0.16025  1.01408
-0.46446  0.67727 -0.02488 -0.03815  0.00332  0.00137 -0.21502  0.97571
-0.59343  0.70501  0.02513 -0.04416  0.05330 -0.01211 -0.42240  0.93292
-0.73229  0.74827  0.04147 -0.04513  0.06652 -0.01620 -0.72127  0.75037
-0.67696  0.76181  0.03926 -0.02399  0.05361 -0.00864 -0.76453  0.50555
-0.46834  0.83208 -0.00053  0.00236  0.00198 -0.03222 -0.61442  0.49476
-0.48634  0.85652 -0.03995  0.03624 -0.05720 -0.04336 -0.60980  0.65368
# 
-0.94702  0.49457 -0.06109  0.05313 -0.06041 -0.02545 -0.94675  0.55684
-0.84819  0.42272 -0.05059  0.04415 -0.05929 -0.01156 -0.72279  0.71137
-0.74692  0.36200  0.00227  0.03772 -0.00016  0.00418 -0.58715  0.72271
-0.82069  0.45867  0.05854  0.03167  0.06191  0.01524 -0.70292  0.69823
-0.79226  0.73062  0.07014 -0.00034  0.07477  0.00552 -0.79851  0.71309
-0.54558  0.84075  0.05768 -0.00598  0.05955  0.02131 -0.72154  0.60315
-0.20257  0.92923  0.00010  0.00436  0.00104  0.02526 -0.51687  0.66917
-0.46438  0.95907 -0.05773  0.01594 -0.05958  0.03402 -0.67242  0.72475
-0.69330  0.92825 -0.06409  0.00004 -0.06707  0.04361 -0.70484  0.87365
-0.63201  0.75975 -0.05913 -0.02163 -0.05013  0.02881 -0.45566  0.90091
-0.68208  0.50979 -0.00392 -0.03633  0.00354  0.00387 -0.48084  0.78209
-0.83004  0.51659  0.04437 -0.03715  0.05612 -0.00550 -0.69659  0.72901
-1.01023  0.48890  0.05257 -0.03754  0.06759 -0.00443 -1.00338  0.49234
-0.89504  0.46700  0.04674 -0.01867  0.06073  0.00767 -0.95109  0.23372
-0.68043  0.54702  0.00094  0.00187  0.01419 -0.02176 -0.78201  0.24201
-0.75224  0.60287 -0.04920  0.03151 -0.04701 -0.04094 -0.85503  0.41705
# 
-1.12388  0.18914 -0.07198  0.04419 -0.04670 -0.02040 -1.15071  0.24425
-0.96996  0.19718 -0.07313  0.03004 -0.05743 -0.01443 -0.91358  0.44892
-0.81510  0.13611 -0.01642  0.03136 -0.00083  0.00459 -0.74205  0.43965
-0.95176  0.21363  0.04456  0.03359  0.06215  0.01583 -0.89189  0.42061
-1.03642  0.52180  0.05519 -0.00218  0.06245  0.00124 -1.03782  0.50832
-0.77773  0.63529  0.05897 -0.00822  0.05065  0.02175 -0.88352  0.42084
-0.43153  0.78296  0.00115  0.00437 -0.00814  0.02330 -0.65221  0.53460
-0.69065  0.81982 -0.05412  0.01511 -0.07390  0.02809 -0.82998  0.59927
-0.90669  0.82892 -0.04484 -0.00375 -0.06554  0.04238 -0.90227  0.77178
-0.79584  0.61126 -0.04551 -0.02567 -0.05683  0.02575 -0.65076  0.73508
-0.77943  0.28173  0.01375 -0.03079  0.00346  0.00457 -0.64209  0.53256
-0.96439  0.25215  0.06743 -0.02266  0.06120  0.00128 -0.88186  0.44841
-1.16257  0.16292  0.05966 -0.03061  0.06493  0.00230 -1.16002  0.16814
-0.96987  0.17303  0.05332 -0.01153  0.06500  0.02436 -0.99313 -0.02924
-0.74529  0.27417 -0.00012 -0.00014  0.02135 -0.01187 -0.80022  0.01339
-0.89240  0.21905 -0.05627  0.01777 -0.02690 -0.04348 -0.94730  0.05122
# 
-1.19159 -0.15779 -0.07743  0.03479 -0.02665 -0.01157 -1.24230 -0.11787
-0.98904 -0.08153 -0.09483  0.01456 -0.05804 -0.01655 -1.01298  0.12418
-0.77187 -0.10326 -0.03279  0.02045 -0.00039  0.00375 -0.78845  0.13214
-0.98062 -0.05028  0.03627  0.03559  0.06604  0.01741 -0.98390  0.11664
-1.21977  0.23522  0.03683 -0.00835  0.04693 -0.00741 -1.21831  0.22076
-0.94640  0.36430  0.06146 -0.00755  0.04743  0.02548 -0.96706  0.17043
-0.61442  0.55601  0.00191  0.00528 -0.01764  0.02006 -0.72197  0.32432
-0.87745  0.62727 -0.05487  0.01865 -0.09067  0.02143 -0.94025  0.41585
-1.10470  0.68145 -0.02494 -0.00655 -0.06156  0.03832 -1.08495  0.61699
-0.92513  0.37163 -0.03903 -0.03380 -0.06432  0.02077 -0.82962  0.48636
-0.76350  0.00868  0.03021 -0.02509  0.00314  0.00547 -0.70846  0.22497
-0.98576 -0.03799  0.08691 -0.01001  0.06502  0.00904 -0.95855  0.13119
-1.21427 -0.17893  0.06155 -0.02674  0.05952  0.00473 -1.21221 -0.17505
-0.94590 -0.15923  0.06206 -0.00258  0.06864  0.04237 -0.93400 -0.31955
-0.69526 -0.04741 -0.00004  0.00129  0.02732 -0.00033 -0.69027 -0.25295
-0.89474 -0.10253 -0.06861  0.00704 -0.01989 -0.04627 -0.91908 -0.23465
# 
-1.16593 -0.55632 -0.07438  0.02914 -0.00632  0.00974 -1.23407 -0.53016
-0.86711 -0.46697 -0.11829 -0.01826 -0.06576 -0.02469 -0.99482 -0.33961
-0.58547 -0.40869 -0.04587  0.00800 -0.00063  0.00353 -0.72547 -0.28043
-0.89990 -0.38897  0.02847  0.03520  0.07236  0.01680 -0.99278 -0.27732
-1.32669 -0.18014  0.01428 -0.01913  0.02852 -0.02097 -1.31742 -0.19007
-1.04244 -0.04114  0.07244 -0.00983  0.04833  0.03337 -0.95232 -0.19519
-0.78421  0.18501  0.00295  0.00784 -0.02861  0.01484 -0.72617 -0.02614
-1.07370  0.25882 -0.06063  0.02275 -0.11081  0.00651 -1.01892  0.06725
-1.32764  0.37578  0.00577 -0.01198 -0.04798  0.03401 -1.28770  0.31276
-0.98984 -0.01120 -0.02910 -0.03799 -0.07597  0.01268 -0.97194  0.09333
-0.63363 -0.34753  0.04473 -0.01269  0.00335  0.00326 -0.69032 -0.18496
-0.88354 -0.43064  0.11105  0.01419  0.07406  0.01887 -0.92515 -0.30206
-1.14509 -0.61240  0.05584 -0.02650  0.04858 -0.00286 -1.14759 -0.60686
-0.78198 -0.55051  0.07507  0.00557  0.07207  0.06442 -0.71441 -0.64986
-0.52045 -0.39753  0.00279 -0.00063  0.02925  0.00934 -0.44361 -0.51073
-0.72617 -0.53275 -0.07715 -0.01366 -0.01017 -0.04728 -0.69492 -0.61162
# 
-0.86926 -0.92694 -0.04667  0.02754  0.02264  0.03917 -0.94191 -0.92569
-0.45497 -0.83223 -0.11782 -0.05442 -0.06405 -0.03127 -0.66486 -0.82611
-0.15259 -0.68913 -0.04910 -0.01171 -0.00389  0.00366 -0.39951 -0.72801
-0.53091 -0.77455  0.02271  0.03255  0.07374  0.02552 -0.71598 -0.75951
-1.14129 -0.64140 -0.02143 -0.03612 -0.00482 -0.03982 -1.12772 -0.64312
-0.91256 -0.52377  0.07718 -0.01581  0.04837  0.03558 -0.71032 -0.61143
-0.78355 -0.33889  0.00258  0.00949 -0.03349  0.00329 -0.53146 -0.48125
-1.07571 -0.28131 -0.06057  0.02838 -0.11828 -0.01519 -0.89124 -0.42209
-1.34848 -0.25238  0.05087 -0.00609 -0.02176  0.01903 -1.28283 -0.29843
-0.83496 -0.49961 -0.02564 -0.03315 -0.08027 -0.00185 -0.91057 -0.42154
-0.28856 -0.69453  0.04582  0.00737  0.00251  0.00304 -0.46427 -0.62998
-0.50045 -0.82803  0.11494  0.04463  0.07329  0.02713 -0.61997 -0.77618
-0.77920 -0.98698  0.02703 -0.03157  0.01763 -0.02210 -0.78200 -0.98772
-0.31345 -0.91123  0.07574  0.02099  0.05660  0.08875 -0.19755 -0.91381
-0.13570 -0.72245  0.00577 -0.00251  0.02426  0.02562  0.01974 -0.70195
-0.33786 -0.88313 -0.07751 -0.03168 -0.00688 -0.04867 -0.26073 -0.88844
# 
